TATTACGTAATA__1__1518	13	30	20	6	8	8	6	20	30	13
CATTACGTAATG__0.973837017637552__884	18	30	20	6	8	8	6	20	30	18
GATTACGTAATC__0.949335391046544__1235	7	30	20	6	8	8	6	20	30	7
TGTTACGTAACA__0.90170629434467__1699	6	6	20	6	8	8	6	20	6	6
CGTTACGTAACG__0.811431164248946__789	8	6	20	6	8	8	6	20	6	8
CATTACGTAATA__0.788104773716913__2408	18	30	20	6	8	8	6	20	30	13
CATTACGTAACA__0.779281235751015__3023	18	30	20	6	8	8	6	20	6	6
GATTACGTAATG__0.779102395463891__2257	7	30	20	6	8	8	6	20	30	18
GATTACGTAATA__0.764821035773757__2650	7	30	20	6	8	8	6	20	30	13
TATTACGTAACA__0.751884522225423__3239	13	30	20	6	8	8	6	20	6	6
GGTTACGTAATG__0.725810096319852__2614	8	6	20	6	8	8	6	20	30	18
GATTACGTAACA__0.721804595388704__2809	7	30	20	6	8	8	6	20	6	6
CGTTACGTAATA__0.710205591200077__2160	8	6	20	6	8	8	6	20	30	13
AGTTACGTAACT__0.709327836286821__630	11	6	20	6	8	8	6	20	6	11
AATTACGTAATT__0.709142588966198__406	30	30	20	6	8	8	6	20	30	30
CATTACGTAACG__0.707330614595655__1689	18	30	20	6	8	8	6	20	6	8
GGTTACGTAATA__0.70345509274801__2803	8	6	20	6	8	8	6	20	30	13
GGTTACGTAACC__0.701062496436435__866	8	6	20	6	8	8	6	20	6	8
GATTACGTAACG__0.699059641076688__2003	7	30	20	6	8	8	6	20	6	8
TATTACGTAATT__0.683675397440099__1697	13	30	20	6	8	8	6	20	30	30
CGTTACGTAACA__0.679001387460163__2417	8	6	20	6	8	8	6	20	6	6
GATTACGTAACC__0.675556883096975__2438	7	30	20	6	8	8	6	20	6	8
GATTACGTAATT__0.670853361242375__1558	7	30	20	6	8	8	6	20	30	30
TGTTACGTAATT__0.666898254669054__2025	6	6	20	6	8	8	6	20	30	30
CATTACGTAACT__0.666270530158435__1563	18	30	20	6	8	8	6	20	6	11
TATTACGTAACT__0.662693362620318__1906	13	30	20	6	8	8	6	20	6	11
CATTACGTAATT__0.647952610181105__1138	18	30	20	6	8	8	6	20	30	30
GATTACGTAACT__0.647701065009937__1735	7	30	20	6	8	8	6	20	6	11
GGTTACGTAACA__0.642364885412487__2565	8	6	20	6	8	8	6	20	6	6
TGTTACGTAACT__0.62086727509655__1974	6	6	20	6	8	8	6	20	6	11
GGTTACGTAACG__0.617328063284432__1934	8	6	20	6	8	8	6	20	6	8
GGTTACGTAATT__0.604104883344267__1605	8	6	20	6	8	8	6	20	30	30
TATTACGTAAGA__0.603233852553232__1087	13	30	20	6	8	8	6	20	6	9
TCTTACGTAAGA__0.597411260458759__212	9	6	20	6	8	8	6	20	6	9
CGTTACGTAATT__0.596656708981669__1102	8	6	20	6	8	8	6	20	30	30
GATTACGTAAGA__0.596154565134014__1020	7	30	20	6	8	8	6	20	6	9
CATTACGTAAGA__0.596095500558731__829	18	30	20	6	8	8	6	20	6	9
CGTTACGTAACT__0.586949760602245__1312	8	6	20	6	8	8	6	20	6	11
TGTTACGTAAGA__0.581921378078557__1251	6	6	20	6	8	8	6	20	6	9
TATTACGTAAGG__0.57399045481652__817	13	30	20	6	8	8	6	20	6	8
GATTACGTAAGG__0.566605220390932__760	7	30	20	6	8	8	6	20	6	8
TGTTACGTAAGG__0.56657946501277__1040	6	6	20	6	8	8	6	20	6	8
TATTACATAACA__0.562192466327535__1530	13	30	20	6	6	18	13	20	6	6
TATTACGTAAGC__0.558857435642184__1029	13	30	20	6	8	8	6	20	6	25
AATTACGTAACT__0.557562900197696__990	30	30	20	6	8	8	6	20	6	11
GGTTACGTAACT__0.557344485132143__1511	8	6	20	6	8	8	6	20	6	11
TATTACATAATA__0.557097419236675__1076	13	30	20	6	6	18	13	20	30	13
CATTACATAACA__0.553706356678002__1297	18	30	20	6	6	18	13	20	6	6
GATTACATAACA__0.542506045231858__1359	7	30	20	6	6	18	13	20	6	6
CGTTACGTAAGA__0.542287773989723__773	8	6	20	6	8	8	6	20	6	9
TATTACATAATC__0.539654945788094__949	13	30	20	6	6	18	13	20	30	7
GATTACGTAAGC__0.539289098074617__902	7	30	20	6	8	8	6	20	6	25
CATTACGTAAGC__0.535652282716788__734	18	30	20	6	8	8	6	20	6	25
GGTTACGTAAGA__0.53456278629248__1033	8	6	20	6	8	8	6	20	6	9
GATTACATAATA__0.530795917489777__915	7	30	20	6	6	18	13	20	30	13
CATTACATAATA__0.530070961936938__793	18	30	20	6	6	18	13	20	30	13
TGTTACGTAAGC__0.529592781108553__1099	6	6	20	6	8	8	6	20	6	25
CATTACATAATC__0.527872151512685__752	18	30	20	6	6	18	13	20	30	7
GATTATGTAATC__0.52566490192029__861	7	30	20	13	18	6	6	20	30	7
GGTTACGTAAGG__0.513229021887354__833	8	6	20	6	8	8	6	20	6	8
TGTTATATAACA__0.513047596647272__324	6	6	20	13	13	13	13	20	6	6
TGTTACATAACA__0.50928301670716__1312	6	6	20	6	6	18	13	20	6	6
AATTACGTAAGA__0.505254695053899__549	30	30	20	6	8	8	6	20	6	9
GATTACGTAAGT__0.503286304245843__555	7	30	20	6	8	8	6	20	6	11
AGTTACGTAAGA__0.502251791876726__675	11	6	20	6	8	8	6	20	6	9
CATTACGTAAGG__0.497787384194775__405	18	30	20	6	8	8	6	20	6	8
TATTACGTAAGT__0.496939488083909__551	13	30	20	6	8	8	6	20	6	11
TGTTACATAATA__0.496854427453163__907	6	6	20	6	6	18	13	20	30	13
TATTACATAACC__0.492941745050618__1187	13	30	20	6	6	18	13	20	6	8
TATTACATAATG__0.491667323583902__644	13	30	20	6	6	18	13	20	30	18
TATTATATAATA__0.490191427760927__177	13	30	20	13	13	13	13	20	30	13
AGTTATGTAATA__0.48999004968143__799	11	6	20	13	18	6	6	20	30	13
GATTATATAATC__0.486599534376904__168	7	30	20	13	13	13	13	20	30	7
GATTACATAATG__0.483889033915724__602	7	30	20	6	6	18	13	20	30	18
TGTTACATAATC__0.483771749597088__819	6	6	20	6	6	18	13	20	30	7
TGTTACGTAAGT__0.482968772515765__659	6	6	20	6	8	8	6	20	6	11
TATTACATAACG__0.481802117789694__715	13	30	20	6	6	18	13	20	6	8
CGTTACGTAAGG__0.477795903278402__451	8	6	20	6	8	8	6	20	6	8
CATTACATAACC__0.476435011046958__959	18	30	20	6	6	18	13	20	6	8
GGTTACGTAAGC__0.474251194477825__834	8	6	20	6	8	8	6	20	6	25
TGTTACATAATG__0.472341028209575__688	6	6	20	6	6	18	13	20	30	18
GGTTATGTAATC__0.471790219693087__1030	8	6	20	13	18	6	6	20	30	7
AGTTATGTAATC__0.465661974282562__676	11	6	20	13	18	6	6	20	30	7
CCTTACGTAACT__0.465151791308671__466	8	6	20	6	8	8	6	20	6	11
CGTTACGTAAGC__0.464050618628824__585	8	6	20	6	8	8	6	20	6	25
GATTACATAACG__0.454412741096892__591	7	30	20	6	6	18	13	20	6	8
AGTTATGTAATG__0.452783135956286__549	11	6	20	13	18	6	6	20	30	18
TATTATGTAACC__0.452297824428571__707	13	30	20	13	18	6	6	20	6	8
AATTACATAACA__0.451383835364662__739	30	30	20	6	6	18	13	20	6	6
CGTTACATAATA__0.449561419237815__583	8	6	20	6	6	18	13	20	30	13
CATTACATAACG__0.447730853724267__498	18	30	20	6	6	18	13	20	6	8
TGTTACATAACG__0.446613564271003__669	6	6	20	6	6	18	13	20	6	8
CATTACGTAAGT__0.444661974903507__306	18	30	20	6	8	8	6	20	6	11
TGTTATGTAACC__0.44305684199813__879	6	6	20	13	18	6	6	20	6	8
AGTTACATAACA__0.441989568929201__817	11	6	20	6	6	18	13	20	6	6
CGTTACATAACA__0.441002423157402__783	8	6	20	6	6	18	13	20	6	6
CGTTACATAATC__0.439961764473089__526	8	6	20	6	6	18	13	20	30	7
TGTTACATAACC__0.436519081749817__944	6	6	20	6	6	18	13	20	6	8
CATTACATAATG__0.435851391257079__377	18	30	20	6	6	18	13	20	30	18
GATTATGTAACC__0.435284138283707__619	7	30	20	13	18	6	6	20	6	8
GCTTACGTAACT__0.435167588138624__524	25	6	20	6	8	8	6	20	6	11
GGTTACGTAAGT__0.434172313365525__513	8	6	20	6	8	8	6	20	6	11
AGTTACATAATA__0.432370592972353__547	11	6	20	6	6	18	13	20	30	13
CGTTACGTAAGT__0.42769128702311__340	8	6	20	6	8	8	6	20	6	11
AGTTATGTAACA__0.42317774935327__603	11	6	20	13	18	6	6	20	6	6
GCTTACGTAATT__0.417798956801185__376	25	6	20	6	8	8	6	20	30	30
TATTACGTCATA__0.416593305749614__437	13	30	20	6	8	8	8	8	18	13
TATTACGTCATC__0.416574384864505__418	13	30	20	6	8	8	8	8	18	7
GATTATGTAATT__0.412705017375844__383	7	30	20	13	18	6	6	20	30	30
GATTATGTAACT__0.410539392585065__453	7	30	20	13	18	6	6	20	6	11
AATTACATAATA__0.409678022258154__389	30	30	20	6	6	18	13	20	30	13
TGTTGCGTAATA__0.408923134623356__709	6	6	9	13	25	8	6	20	30	13
CATTATGTAACC__0.408770661806455__464	18	30	20	13	18	6	6	20	6	8
TATTGCGTAATA__0.408189680762681__551	13	30	9	13	25	8	6	20	30	13
GATGACGTAACA__0.406726561141984__496	7	18	8	8	8	8	6	20	6	6
GATTACGTCATC__0.406521842947273__378	7	30	20	6	8	8	8	8	18	7
TATTATATAACA__0.406480421569643__520	13	30	20	13	13	13	13	20	6	6
AATTATGTAATC__0.404611858546297__353	30	30	20	13	18	6	6	20	30	7
TATTACATAATT__0.402316192917087__354	13	30	20	6	6	18	13	20	30	30
GATTATATAACA__0.401987375446764__502	7	30	20	13	13	13	13	20	6	6
AGTTACGTAAGT__0.400186727890482__309	11	6	20	6	8	8	6	20	6	11
TATTACGCAATC__0.399941104523264__505	13	30	20	6	8	25	13	9	30	7
CCTTACGTAATT__0.399839470219307__231	8	6	20	6	8	8	6	20	30	30
TCTTATGTAATA__0.399191512017836__338	9	6	20	13	18	6	6	20	30	13
TGTTACGTCATA__0.398007277667477__489	6	6	20	6	8	8	8	8	18	13
GATTACGTCATA__0.39423682312073__360	7	30	20	6	8	8	8	8	18	13
TCTTATGTAATC__0.390334875636867__310	9	6	20	13	18	6	6	20	30	7
GATTACGCAATA__0.389672839583038__471	7	30	20	6	8	25	13	9	30	13
GATTACGCAATC__0.386463000210284__448	7	30	20	6	8	25	13	9	30	7
GATTACGCAACA__0.385924510779103__589	7	30	20	6	8	25	13	9	6	6
GGTTACATAACG__0.381692176838914__429	8	6	20	6	6	18	13	20	6	8
CGTTACATAACC__0.381457216885747__587	8	6	20	6	6	18	13	20	6	8
CGTTACATAATG__0.380255619183386__303	8	6	20	6	6	18	13	20	30	18
TATTGCGTAACA__0.380132697510249__533	13	30	9	13	25	8	6	20	6	6
AGTTACATAACC__0.379784660581347__598	11	6	20	6	6	18	13	20	6	8
GCTTACGTAAGA__0.379132171121867__262	25	6	20	6	8	8	6	20	6	9
TGTTACATAATT__0.37823766980313__355	6	6	20	6	6	18	13	20	30	30
AGTTATGTAACC__0.377751628369927__440	11	6	20	13	18	6	6	20	6	8
TGTTACGCAATC__0.37766772387038__507	6	6	20	6	8	25	13	9	30	7
GATTATATAATA__0.377071368868074__318	7	30	20	13	13	13	13	20	30	13
AATTACATAACC__0.376100048039752__495	30	30	20	6	6	18	13	20	6	8
GCTTACGTAAGC__0.375889586485091__76	25	6	20	6	8	8	6	20	6	25
TCTTACATAACA__0.375122059214221__434	9	6	20	6	6	18	13	20	6	6
TGTTGCGTAATG__0.371472627406306__471	6	6	9	13	25	8	6	20	30	18
TGTTGCGTAACA__0.371321905469884__611	6	6	9	13	25	8	6	20	6	6
TATTGCGTAATG__0.370481859758336__351	13	30	9	13	25	8	6	20	30	18
CATTACATAATT__0.368971309447401__229	18	30	20	6	6	18	13	20	30	30
TCTTATGTAACA__0.36749160516808__317	9	6	20	13	18	6	6	20	6	6
GGTTATGTAACC__0.367073304460342__569	8	6	20	13	18	6	6	20	6	8
AGTTATGTAACG__0.366352168710972__349	11	6	20	13	18	6	6	20	6	8
CCTTACGTAAGA__0.364452694869496__164	8	6	20	6	8	8	6	20	6	9
TCTTACATAATA__0.364223821224217__279	9	6	20	6	6	18	13	20	30	13
CATTACGTCATC__0.36352721766065__221	18	30	20	6	8	8	8	8	18	7
CGTTACATAACG__0.362331150838046__317	8	6	20	6	6	18	13	20	6	8
CATTACGTCATA__0.36019131422472__223	18	30	20	6	8	8	8	8	18	13
GATTATGTAAGA__0.358947274318479__257	7	30	20	13	18	6	6	20	6	9
AGTTACATAACG__0.356022770017662__315	11	6	20	6	6	18	13	20	6	8
AGTTATGTAACT__0.354252422655229__330	11	6	20	13	18	6	6	20	6	11
AATTACGTAAGT__0.353368242267914__168	30	30	20	6	8	8	6	20	6	11
AGTTACATAATG__0.351226615641931__254	11	6	20	6	6	18	13	20	30	18
CATTACGCAATC__0.350113741889801__290	18	30	20	6	8	25	13	9	30	7
GGTTATATAACC__0.349202322698936__127	8	6	20	13	13	13	13	20	6	8
CATTATATAACA__0.347979074118773__298	18	30	20	13	13	13	13	20	6	6
GGTTATATAACA__0.34778535323617__451	8	6	20	13	13	13	13	20	6	6
AGTTATGTAATT__0.339646967695423__245	11	6	20	13	18	6	6	20	30	30
GGTTATATAATA__0.338639076064803__340	8	6	20	13	13	13	13	20	30	13
CATTACATAAGA__0.338040331557435__173	18	30	20	6	6	18	13	20	6	9
TATTACGCAACC__0.33647855528963__461	13	30	20	6	8	25	13	9	6	8
CATTATATAATG__0.335244385647099__45	18	30	20	13	13	13	13	20	30	18
TATTACGTCACA__0.334031190516679__299	13	30	20	6	8	8	8	8	17	6
CATTGCGTAATA__0.332654186673639__253	18	30	9	13	25	8	6	20	30	13
AATTACATAACG__0.332066185859455__215	30	30	20	6	6	18	13	20	6	8
TGTTATATAACT__0.331718933318365__294	6	6	20	13	13	13	13	20	6	11
AATGACGTAATA__0.330754155336335__195	30	18	8	8	8	8	6	20	30	13
AATTACATAATG__0.330148045729692__175	30	30	20	6	6	18	13	20	30	18
GGTTACGTCATA__0.328882907171729__294	8	6	20	6	8	8	8	8	18	13
TATTACGTCATG__0.328525559819279__181	13	30	20	6	8	8	8	8	18	18
AATGACGTAATC__0.32657486946047__182	30	18	8	8	8	8	6	20	30	7
GATTATATAACC__0.325347220065181__302	7	30	20	13	13	13	13	20	6	8
GATTACGTCATG__0.32392551575956__168	7	30	20	6	8	8	8	8	18	18
TGTTACGTCATG__0.321565464789534__223	6	6	20	6	8	8	8	8	18	18
GATTACGCAATG__0.321254324592356__223	7	30	20	6	8	25	13	9	30	18
TGTTGCGTAACG__0.32091973582609__359	6	6	9	13	25	8	6	20	6	8
CATTGCGTAACA__0.320793905656109__279	18	30	9	13	25	8	6	20	6	6
GATTATATAATG__0.320543256034646__174	7	30	20	13	13	13	13	20	30	18
CGTTACGTCATA__0.320138571633955__194	8	6	20	6	8	8	8	8	18	13
CGTTATATAACA__0.319131513317705__249	8	6	20	13	13	13	13	20	6	6
GATTACGCAACG__0.318670770929751__249	7	30	20	6	8	25	13	9	6	8
CGTTGCGTAATA__0.318596519448289__253	8	6	9	13	25	8	6	20	30	13
CGTTACGTCATC__0.315835964202256__179	8	6	20	6	8	8	8	8	18	7
GATTATATAACT__0.31534385164143__197	7	30	20	13	13	13	13	20	6	11
AATGACGTAACA__0.315259310909221__220	30	18	8	8	8	8	6	20	6	6
GATTACGCAACC__0.313461636602433__369	7	30	20	6	8	25	13	9	6	8
CGTTACGCAATC__0.313276527656676__249	8	6	20	6	8	25	13	9	30	7
GATTACATAAGC__0.311980640893045__196	7	30	20	6	6	18	13	20	6	25
TATTACGCAACT__0.311627789393384__263	13	30	20	6	8	25	13	9	6	11
AATTATGTAACC__0.31125216313995__206	30	30	20	13	18	6	6	20	6	8
TATGACGTAACT__0.31121750137946__196	13	18	8	8	8	8	6	20	6	11
TATTATATAACT__0.311159738544173__191	13	30	20	13	13	13	13	20	6	11
GATTACGTCACA__0.311074607950989__236	7	30	20	6	8	8	8	8	17	6
TCTTACGTAAGT__0.310817125827705__107	9	6	20	6	8	8	6	20	6	11
TATTATATAATG__0.310355433639524__161	13	30	20	13	13	13	13	20	30	18
TATTACATAAGC__0.309541826719165__194	13	30	20	6	6	18	13	20	6	25
TATTGCGTAACC__0.307254204702105__292	13	30	9	13	25	8	6	20	6	8
TCTTACATAACC__0.307137457879912__276	9	6	20	6	6	18	13	20	6	8
TATTGCGTAACG__0.307077731007535__240	13	30	9	13	25	8	6	20	6	8
GCTTACATAACA__0.306331491173126__265	25	6	20	6	6	18	13	20	6	6
TATTACGTCACC__0.304981496002349__235	13	30	20	6	8	8	8	8	17	8
GGTTACGTCATC__0.304845107510845__222	8	6	20	6	8	8	8	8	18	7
TGTTACGTCACA__0.304484266709148__281	6	6	20	6	8	8	8	8	17	6
TCTTATGTAACC__0.304267499261347__187	9	6	20	13	18	6	6	20	6	8
CGTTGCGTAACA__0.30183336134148__256	8	6	9	13	25	8	6	20	6	6
TATTACGTAAAC__0.301170171074996__210	13	30	20	6	8	8	6	20	36	6
GATTATATAACG__0.300319656574259__161	7	30	20	13	13	13	13	20	6	8
GGTTACGCAATC__0.299562922634894__262	8	6	20	6	8	25	13	9	30	7
TATTGCGTAACT__0.298228812272717__233	13	30	9	13	25	8	6	20	6	11
AGTTACGCAATC__0.297285309978983__225	11	6	20	6	8	25	13	9	30	7
GGTTACGCAACA__0.296690265143893__318	8	6	20	6	8	25	13	9	6	6
CGTTATATAACG__0.296482527595596__39	8	6	20	13	13	13	13	20	6	8
CCTTACGTAAGG__0.296071505385565__18	8	6	20	6	8	8	6	20	6	8
AGTTATATAACT__0.295680306054343__43	11	6	20	13	13	13	13	20	6	11
TGTTACGCAACC__0.294941063361059__353	6	6	20	6	8	25	13	9	6	8
TATTATATAACG__0.29488253703795__154	13	30	20	13	13	13	13	20	6	8
TATTACATAAGG__0.294045559160085__108	13	30	20	6	6	18	13	20	6	8
TATTGCGTAATT__0.293683686898222__186	13	30	9	13	25	8	6	20	30	30
GATTACGTCACC__0.293343621973556__205	7	30	20	6	8	8	8	8	17	8
TATTACATAAGT__0.293295424017065__117	13	30	20	6	6	18	13	20	6	11
GATGACGTAACT__0.293257723296548__157	7	18	8	8	8	8	6	20	6	11
TCTTACATAACG__0.293067761128397__151	9	6	20	6	6	18	13	20	6	8
TCTTATGTAACG__0.292105349793915__135	9	6	20	13	18	6	6	20	6	8
GATTACGCAACT__0.291517670066327__212	7	30	20	6	8	25	13	9	6	11
TGTTGCGTAACT__0.291268666230282__279	6	6	9	13	25	8	6	20	6	11
CCTTACATAACA__0.291196266857664__193	8	6	20	6	6	18	13	20	6	6
TCTTACATAATG__0.290076988106897__121	9	6	20	6	6	18	13	20	30	18
TGTTGCGTAATT__0.28803041028915__231	6	6	9	13	25	8	6	20	30	30
CCTTATGTAATC__0.287933050233332__99	8	6	20	13	18	6	6	20	30	7
GGTTATATAATG__0.287420185534158__191	8	6	20	13	13	13	13	20	30	18
TCTTATGTAACT__0.286284317362661__135	9	6	20	13	18	6	6	20	6	11
CATTACGCAACC__0.2860851794562__254	18	30	20	6	8	25	13	9	6	8
CGTTACATAATT__0.285155890662379__128	8	6	20	6	6	18	13	20	30	30
TGTTACATAAGC__0.283744134825665__174	6	6	20	6	6	18	13	20	6	25
TGTTACGTCACC__0.283303947097332__229	6	6	20	6	8	8	8	8	17	8
AATTATGTAACT__0.282835693919955__133	30	30	20	13	18	6	6	20	6	11
TATTACGCAATT__0.282047360934976__162	13	30	20	6	8	25	13	9	30	30
GATGACGTAATT__0.281182157557555__111	7	18	8	8	8	8	6	20	30	30
GCTTACATAATC__0.280134507408579__141	25	6	20	6	6	18	13	20	30	7
GATTACGTAAAC__0.276782314926676__160	7	30	20	6	8	8	6	20	36	6
AGTTATGTAAGA__0.276448674208663__135	11	6	20	13	18	6	6	20	6	9
CATTGCGTAATG__0.275429724324548__119	18	30	9	13	25	8	6	20	30	18
AGTGACGTAATA__0.275219214377285__126	11	17	8	8	8	8	6	20	30	13
CATTACGTCACA__0.274398673278795__136	18	30	20	6	8	8	8	8	17	6
CCTTATGTAACA__0.274226865674089__108	8	6	20	13	18	6	6	20	6	6
AATGACGTAATG__0.273007952915645__85	30	18	8	8	8	8	6	20	30	18
ACTTACGTAAGT__0.272511042133059__16	11	6	20	6	8	8	6	20	6	11
GATTACGCAATT__0.271145648336269__141	7	30	20	6	8	25	13	9	30	30
AATTACGTCATA__0.270718740035591__103	30	30	20	6	8	8	8	8	18	13
AGTTGCGTAACA__0.270036570684817__202	11	6	9	13	25	8	6	20	6	6
CCTTACATAATA__0.266719307234146__101	8	6	20	6	6	18	13	20	30	13
ACTTATGTAATC__0.266532896824914__86	11	6	20	13	18	6	6	20	30	7
TATTACGTCACG__0.265227036569669__117	13	30	20	6	8	8	8	8	17	8
GCTTACATAATA__0.264835925021712__123	25	6	20	6	6	18	13	20	30	13
GATTATGTAAGG__0.264564605381391__94	7	30	20	13	18	6	6	20	6	8
TGTTATATAAGA__0.264187476869006__131	6	6	20	13	13	13	13	20	6	9
GCTTACGTAAGG__0.263807598473452__77	25	6	20	6	8	8	6	20	6	8
AATTACGCAATC__0.263271496606848__131	30	30	20	6	8	25	13	9	30	7
GTTTACGTAACA__0.263201622577291__169	6	36	20	6	8	8	6	20	6	6
GGTTATATAACG__0.261812077630149__155	8	6	20	13	13	13	13	20	6	8
AGTGACGTAATC__0.259493764347938__103	11	17	8	8	8	8	6	20	30	7
AATTATGTAATT__0.259361470960338__85	30	30	20	13	18	6	6	20	30	30
CGTTGCGTAATG__0.259313067925869__117	8	6	9	13	25	8	6	20	30	18
CATTACGTCATG__0.258952519049013__68	18	30	20	6	8	8	8	8	18	18
TATTATATAAGA__0.258913868615971__93	13	30	20	13	13	13	13	20	6	9
TATGACGTAAGA__0.257675985865223__83	13	18	8	8	8	8	6	20	6	9
GGTTATATAACT__0.257587422538271__155	8	6	20	13	13	13	13	20	6	11
CATTACGTAAAC__0.257450356640248__111	18	30	20	6	8	8	6	20	36	6
GATTATATAAGA__0.255110242448061__87	7	30	20	13	13	13	13	20	6	9
TATTGCATAATA__0.254790769626113__136	13	30	9	13	13	18	13	20	30	13
AATTGCGTAACA__0.254279320893002__145	30	30	9	13	25	8	6	20	6	6
ACTTACATAACA__0.254230662313001__128	11	6	20	6	6	18	13	20	6	6
AATTATATAACA__0.254075937874648__117	30	30	20	13	13	13	13	20	6	6
ACTTACATAATA__0.253778277245489__88	11	6	20	6	6	18	13	20	30	13
AGTTGCGTAATG__0.2511227850549__119	11	6	9	13	25	8	6	20	30	18
TGTTACATAAGT__0.251086717630081__89	6	6	20	6	6	18	13	20	6	11
TGTTATGCAATA__0.250779422918519__173	6	6	20	13	18	13	13	9	30	13
CGTTATATAATG__0.250489642297273__85	8	6	20	13	13	13	13	20	30	18
CATTACGTCACC__0.250321509509257__109	18	30	20	6	8	8	8	8	17	8
AGTGACGTAACA__0.25020275056703__119	11	17	8	8	8	8	6	20	6	6
GATTACGTAAAG__0.248717681247214__79	7	30	20	6	8	8	6	20	36	6
CATTATATAACT__0.248700676667921__88	18	30	20	13	13	13	13	20	6	11
CATTACATAAGC__0.247502165530436__87	18	30	20	6	6	18	13	20	6	25
TCTTATGTAATT__0.24697986951563__72	9	6	20	13	18	6	6	20	30	30
TATTACGTAAAG__0.246416114803606__79	13	30	20	6	8	8	6	20	36	6
GGTTACGTCATG__0.24576751386615__107	8	6	20	6	8	8	8	8	18	18
GATTGCATAACA__0.245688739728087__156	7	30	9	13	13	18	13	20	6	6
TGTTACGTCACG__0.245541029263099__120	6	6	20	6	8	8	8	8	17	8
GGTTACGCAATG__0.245435042915551__131	8	6	20	6	8	25	13	9	30	18
GCTTATGTAACC__0.2446100848992__114	25	6	20	13	18	6	6	20	6	8
AATGACGTAACC__0.244524345550068__110	30	18	8	8	8	8	6	20	6	8
GATGACGTAAGA__0.244315421240537__68	7	18	8	8	8	8	6	20	6	9
GATTATGCAATA__0.243961047632026__117	7	30	20	13	18	13	13	9	30	13
CCTTATGTAACC__0.239810451973952__76	8	6	20	13	18	6	6	20	6	8
TGTTACGTAAAG__0.239664759249254__93	6	6	20	6	8	8	6	20	36	6
CGTTGCGTAACG__0.239216797009157__110	8	6	9	13	25	8	6	20	6	8
GGTTACGCAACG__0.238692549485853__131	8	6	20	6	8	25	13	9	6	8
AGTGACGTAATG__0.238130128621502__66	11	17	8	8	8	8	6	20	30	18
GATTGCATAATA__0.23805405730984__107	7	30	9	13	13	18	13	20	30	13
TGTTGCGTAAGA__0.237579099500986__120	6	6	9	13	25	8	6	20	6	9
TATTACGCAAGA__0.237410087525137__83	13	30	20	6	8	25	13	9	6	9
CGTTATATAACT__0.236972101242679__84	8	6	20	13	13	13	13	20	6	11
CATTGCGTAACG__0.236939863488259__92	18	30	9	13	25	8	6	20	6	8
GATTGCATAATC__0.23651176134435__103	7	30	9	13	13	18	13	20	30	7
TATTACGTAAAT__0.235376948129735__79	13	30	20	6	8	8	6	20	36	30
GGTTACGTCACA__0.23504696221184__136	8	6	20	6	8	8	8	8	17	6
CGTTACGCAACC__0.232768462973946__161	8	6	20	6	8	25	13	9	6	8
GATTATATAATT__0.232745751955006__67	7	30	20	13	13	13	13	20	30	30
CGTTACGTCACA__0.232596311527117__101	8	6	20	6	8	8	8	8	17	6
GATTACGTCACG__0.231973266416032__76	7	30	20	6	8	8	8	8	17	8
GCTTACGTAAGT__0.229949245905372__53	25	6	20	6	8	8	6	20	6	11
TATTACGTAAAA__0.229509813825744__82	13	30	20	6	8	8	6	20	36	36
GATTACGTAAAA__0.229174544089224__80	7	30	20	6	8	8	6	20	36	36
CGTTACGTCATG__0.229020157307893__59	8	6	20	6	8	8	8	8	18	18
TCTTACGCAATC__0.228014970480054__79	9	6	20	6	8	25	13	9	30	7
CATTGCGTAACT__0.226202269187584__86	18	30	9	13	25	8	6	20	6	11
CCTTACATAACC__0.225811447989296__105	8	6	20	6	6	18	13	20	6	8
GCTTACATAACC__0.224983492903763__121	25	6	20	6	6	18	13	20	6	8
TATTATATAATT__0.224088093760339__61	13	30	20	13	13	13	13	20	30	30
TCTTATGTAAGA__0.222949635575188__54	9	6	20	13	18	6	6	20	6	9
AATGACGTAACT__0.222797938445124__64	30	18	8	8	8	8	6	20	6	11
AGTTATGTAAGG__0.222643243616765__66	11	6	20	13	18	6	6	20	6	8
TGTTACGTAAAT__0.221744816066824__83	6	6	20	6	8	8	6	20	36	30
GATTACGCAAGA__0.220433370181178__65	7	30	20	6	8	25	13	9	6	9
TGTTACGTAAAA__0.219948074781993__88	6	6	20	6	8	8	6	20	36	36
AGTTGCGTAACG__0.219607344355261__95	11	6	9	13	25	8	6	20	6	8
CGTTGCGTAACT__0.21886726752003__89	8	6	9	13	25	8	6	20	6	11
GATTATGTAAGT__0.218771191585605__54	7	30	20	13	18	6	6	20	6	11
TGTTATGCAACA__0.218234447428291__136	6	6	20	13	18	13	13	9	6	6
AATTACGCAACC__0.218082186599467__118	30	30	20	6	8	25	13	9	6	8
TATTGCGTAAGA__0.217333871605761__70	13	30	9	13	25	8	6	20	6	9
TGTGACGTAACT__0.216562936266209__88	6	17	8	8	8	8	6	20	6	11
CATTGCGTAATT__0.216525673549566__62	18	30	9	13	25	8	6	20	30	30
CGTTACGTAAAC__0.216059767583357__79	8	6	20	6	8	8	6	20	36	6
CATTACGTAAAA__0.215798053722406__57	18	30	20	6	8	8	6	20	36	36
CATTACGCAAGA__0.21501882542097__51	18	30	20	6	8	25	13	9	6	9
AATGACGTAACG__0.213831338844511__51	30	18	8	8	8	8	6	20	6	8
AGTTACGCAACC__0.213829403721553__129	11	6	20	6	8	25	13	9	6	8
AGTTACATAAGC__0.213785512455684__70	11	6	20	6	6	18	13	20	6	25
GCTTACATAACG__0.213115198974423__66	25	6	20	6	6	18	13	20	6	8
CATGACGTAACT__0.213110908331493__53	18	18	8	8	8	8	6	20	6	11
AATTATGTAAGA__0.21302110519639__48	30	30	20	13	18	6	6	20	6	9
TGTTGCATAATA__0.212179208675467__99	6	6	9	13	13	18	13	20	30	13
CGTTGCGTAATT__0.212120556762116__68	8	6	9	13	25	8	6	20	30	30
GGTTATATAAGA__0.211799701354568__77	8	6	20	13	13	13	13	20	6	9
GGTTACGCAACC__0.21144507241321__132	8	6	20	6	8	25	13	9	6	8
GATTATGCAACA__0.211157429356858__97	7	30	20	13	18	13	13	9	6	6
GGTTACGCAACT__0.208580190931705__96	8	6	20	6	8	25	13	9	6	11
GATTACGTAAAT__0.207777253386757__53	7	30	20	6	8	8	6	20	36	30
AATTGCGTAATG__0.207706322218932__54	30	30	9	13	25	8	6	20	30	18
CATTACATAAGG__0.20767237015304__31	18	30	20	6	6	18	13	20	6	8
ACTTACATAACC__0.207561954522351__81	11	6	20	6	6	18	13	20	6	8
TCTTGCGTAACA__0.207236076370242__68	9	6	9	13	25	8	6	20	6	6
CATGACGTAATT__0.206784958472556__38	18	18	8	8	8	8	6	20	30	30
ACTTATGTAACT__0.204800706059056__43	11	6	20	13	18	6	6	20	6	11
GCTTACATAATG__0.204277282820256__49	25	6	20	6	6	18	13	20	30	18
ACTTATGTAACC__0.204246110761348__50	11	6	20	13	18	6	6	20	6	8
AATTACATAAGC__0.203471444803551__51	30	30	20	6	6	18	13	20	6	25
TGTTATGCAATG__0.20293979286497__85	6	6	20	13	18	13	13	9	30	18
CCTTATGTAACT__0.202787213535585__38	8	6	20	13	18	6	6	20	6	11
GGTTATATAATT__0.20208174723374__67	8	6	20	13	13	13	13	20	30	30
GGTGACGTAACT__0.201164171929217__73	8	17	8	8	8	8	6	20	6	11
GATGATGTAATA__0.200901440524557__50	7	18	8	7	18	6	6	20	30	13
CCTTACGTAAGT__0.200507219972331__24	8	6	20	6	8	8	6	20	6	11
GTTTACGTAACT__0.200365356492624__67	6	36	20	6	8	8	6	20	6	11
AGTTGCGTAACT__0.198663372740181__74	11	6	9	13	25	8	6	20	6	11
AGTTGCGTAATT__0.198221878541724__62	11	6	9	13	25	8	6	20	30	30
AGTTATGTAAGC__0.197690754723319__56	11	6	20	13	18	6	6	20	6	25
CATTACGGAATA__0.196381485884543__28	18	30	20	6	8	2	5	12	30	13
GATTACGGAATA__0.196183328993753__35	7	30	20	6	8	2	5	12	30	13
CATTACGTCACG__0.196083666418667__37	18	30	20	6	8	8	8	8	17	8
CATTACATAAGT__0.19576951418341__29	18	30	20	6	6	18	13	20	6	11
ACTTACATAACG__0.193839983323007__41	11	6	20	6	6	18	13	20	6	8
GATGATGTAACA__0.193693581893856__53	7	18	8	7	18	6	6	20	6	6
CGTTACGTCACC__0.193672691001664__61	8	6	20	6	8	8	8	8	17	8
GATGATGTAATC__0.193559511565179__44	7	18	8	7	18	6	6	20	30	7
CATTATATAAGA__0.193014736686238__34	18	30	20	13	13	13	13	20	6	9
AGTTATATAAGA__0.192901970426664__41	11	6	20	13	13	13	13	20	6	9
GATGATGTAATG__0.19275196093493__38	7	18	8	7	18	6	6	20	30	18
GGTTACGCAATT__0.192710474164667__66	8	6	20	6	8	25	13	9	30	30
GGTTACGTAAAC__0.192707012861066__69	8	6	20	6	8	8	6	20	36	6
GCTTATATAACA__0.192647638987574__55	25	6	20	13	13	13	13	20	6	6
TGATACGGCGAC__0.192172504727693__35	8	7	13	6	8	2	45	25	31	8
CATTACGAAATA__0.191099805589497__39	18	30	20	6	8	31	12	36	30	13
AGTGACGTAACC__0.191027849203293__56	11	17	8	8	8	8	6	20	6	8
GTTTACGTAATT__0.190586686705595__48	6	36	20	6	8	8	6	20	30	30
CATTATATAATT__0.190105689364988__33	18	30	20	13	13	13	13	20	30	30
AATGACGTAATT__0.189302418172899__31	30	18	8	8	8	8	6	20	30	30
TGTGACGTAATT__0.189269941759316__48	6	17	8	8	8	8	6	20	30	30
TATGATGTAATA__0.189182679716358__42	13	18	8	7	18	6	6	20	30	13
GGTTACGTCACC__0.189031791509882__71	8	6	20	6	8	8	8	8	17	8
GGTGACGTAATT__0.188832471337618__50	8	17	8	8	8	8	6	20	30	30
TATGATGTAATC__0.188625979295472__41	13	18	8	7	18	6	6	20	30	7
CGTTATATAAGA__0.188275656231301__36	8	6	20	13	13	13	13	20	6	9
AGTGACGTAACG__0.188253275984615__40	11	17	8	8	8	8	6	20	6	8
GGTTATGCAATA__0.187893296356658__83	8	6	20	13	18	13	13	9	30	13
GGTTACGTCACG__0.186297177834862__56	8	6	20	6	8	8	8	8	17	8
TATTATATAAGC__0.185871485202913__39	13	30	20	13	13	13	13	20	6	25
TGTTGCGTAAGG__0.18544762817092__54	6	6	9	13	25	8	6	20	6	8
CATTATGCAATA__0.184858452388905__46	18	30	20	13	18	13	13	9	30	13
AGTGACGTAACT__0.184597678160908__41	11	17	8	8	8	8	6	20	6	11
GATTGCATAACC__0.184297865384085__75	7	30	9	13	13	18	13	20	6	8
TGTTATATAAGG__0.184214917427381__39	6	6	20	13	13	13	13	20	6	8
CATTACGGAACA__0.183444791340492__28	18	30	20	6	8	2	5	12	6	6
AATTGCGTAACT__0.183161035507984__48	30	30	9	13	25	8	6	20	6	11
CGTTATGCAATC__0.182842662569684__49	8	6	20	13	18	13	13	9	30	7
CGTTACATAAGC__0.18280863979229__42	8	6	20	6	6	18	13	20	6	25
ACTTACATAATG__0.182783001569667__28	11	6	20	6	6	18	13	20	30	18
CCTTACATAACG__0.182445661025779__34	8	6	20	6	6	18	13	20	6	8
AGTGACGTAATT__0.182331183746137__32	11	17	8	8	8	8	6	20	30	30
GATGACGTAAGC__0.182280016455696__34	7	18	8	8	8	8	6	20	6	25
CCTTACGTCATA__0.182278297234253__25	8	6	20	6	8	8	8	8	18	13
AATTGCGTAACG__0.182015427649692__44	30	30	9	13	25	8	6	20	6	8
CGTTATGCAATA__0.181746569538639__50	8	6	20	13	18	13	13	9	30	13
TTTTACGTAATT__0.181046202631892__36	36	36	20	6	8	8	6	20	30	30
AATTATATAACT__0.1806987583018__34	30	30	20	13	13	13	13	20	6	11
GGTTGCGTAAGA__0.180621973658754__62	8	6	9	13	25	8	6	20	6	9
TATTACGAAATA__0.179499633501889__38	13	30	20	6	8	31	12	36	30	13
GATGACGTAAGG__0.179189880733112__23	7	18	8	8	8	8	6	20	6	8
CATTACGTAAAG__0.179027785522945__24	18	30	20	6	8	8	6	20	36	6
GATTACGAAACA__0.178840646549645__48	7	30	20	6	8	31	12	36	6	6
AGTTATGCAATA__0.17831273175644__50	11	6	20	13	18	13	13	9	30	13
AGTTATGTAAGT__0.178234545251152__34	11	6	20	13	18	6	6	20	6	11
GATTGCGCAATC__0.178085074301019__15	7	30	9	13	25	25	13	9	30	7
TATTACGGAACA__0.177864567632542__32	13	30	20	6	8	2	5	12	6	6
CGTTACGTCACG__0.177270341285137__34	8	6	20	6	8	8	8	8	17	8
TATTATGCAATG__0.177074892591388__41	13	30	20	13	18	13	13	9	30	18
CGTTACATAAGT__0.177019484986912__26	8	6	20	6	6	18	13	20	6	11
AGTTATGCAATC__0.17694498751875__47	11	6	20	13	18	13	13	9	30	7
CATTACGAAACA__0.176422383617577__41	18	30	20	6	8	31	12	36	6	6
GCTTACGTCATA__0.176015059309085__32	25	6	20	6	8	8	8	8	18	13
CGTTACATAAGG__0.175975372035335__23	8	6	20	6	6	18	13	20	6	8
GGTTACGTAAAG__0.175693418306618__39	8	6	20	6	8	8	6	20	36	6
GATTACGGAACA__0.175650720042974__30	7	30	20	6	8	2	5	12	6	6
GATTGCATAATG__0.173837208460034__37	7	30	9	13	13	18	13	20	30	18
CCTTACGCAATC__0.173596567720655__32	8	6	20	6	8	25	13	9	30	7
TATTACGGAATA__0.173554595066683__25	13	30	20	6	8	2	5	12	30	13
GGTGACGTAAGA__0.173402748962987__36	8	17	8	8	8	8	6	20	6	9
TGTGACGTAAGA__0.172755825377396__34	6	17	8	8	8	8	6	20	6	9
GATTATATAAGC__0.172652007390984__31	7	30	20	13	13	13	13	20	6	25
AATGACGTAAGA__0.172621664544904__22	30	18	8	8	8	8	6	20	6	9
CGTTGCGTAAGA__0.172598365398408__34	8	6	9	13	25	8	6	20	6	9
CGTTATATAATT__0.17258969803737__28	8	6	20	13	13	13	13	20	30	30
GATTACGTCAGA__0.172263545628814__25	7	30	20	6	8	8	8	8	2	9
AGTTACGTAAAG__0.172175181970507__29	11	6	20	6	8	8	6	20	36	6
TGTTACATCATA__0.171762254617367__37	6	6	20	6	6	18	7	8	18	13
GGTTACGCAAGA__0.170885853046032__40	8	6	20	6	8	25	13	9	6	9
TATTGCGTAAGG__0.170696260681885__31	13	30	9	13	25	8	6	20	6	8
TATTACGAAACA__0.17030751416186__42	13	30	20	6	8	31	12	36	6	6
GATTATGCAATG__0.169602081813267__35	7	30	20	13	18	13	13	9	30	18
GGTTGCATAATA__0.169284716224897__57	8	6	9	13	13	18	13	20	30	13
AATTACATAAGT__0.169076653886878__20	30	30	20	6	6	18	13	20	6	11
CGTTACGTAAAG__0.169047424492913__25	8	6	20	6	8	8	6	20	36	6
CCTTATGTAATT__0.168985745431415__18	8	6	20	13	18	6	6	20	30	30
GATTACGAAATA__0.168723024848703__31	7	30	20	6	8	31	12	36	30	13
GCTTGCGTAATA__0.168713914538134__34	25	6	9	13	25	8	6	20	30	13
TGTGATGTAATA__0.168694953752688__42	6	17	8	7	18	6	6	20	30	13
AGTTGCATAATA__0.168432437396305__44	11	6	9	13	13	18	13	20	30	13
TGTTGCGTAAGC__0.16829957210889__48	6	6	9	13	25	8	6	20	6	25
GATTATATAAGG__0.168163804697373__21	7	30	20	13	13	13	13	20	6	8
TCTGACGTAATA__0.16811209604012__24	9	2	8	8	8	8	6	20	30	13
GGTTATATAAGG__0.167917015676243__34	8	6	20	13	13	13	13	20	6	8
GGTTACGTAAAT__0.167764131730985__38	8	6	20	6	8	8	6	20	36	30
GCTTACGCAATC__0.167463973660536__36	25	6	20	6	8	25	13	9	30	7
CATCACGAATGA__0.166818820780328__20	18	7	8	17	8	31	12	30	18	8
GATTACGCAAGT__0.166493082700749__26	7	30	20	6	8	25	13	9	6	11
AGTTGCGTAAGA__0.16636937407494__34	11	6	9	13	25	8	6	20	6	9
TATTGCGCAATA__0.166068120609081__13	13	30	9	13	25	25	13	9	30	13
TCTTACATAAGC__0.165382615863986__28	9	6	20	6	6	18	13	20	6	25
AATTGCGTAATT__0.165058286546228__29	30	30	9	13	25	8	6	20	30	30
GATCACGTAATA__0.165025265951988__19	7	7	8	17	8	8	6	20	30	13
CATTACGTAAAT__0.164961240182487__22	18	30	20	6	8	8	6	20	36	30
CACCACGAATGA__0.164782609063205__16	17	8	8	17	8	31	12	30	18	8
ACACACGAATGA__0.164732862485144__16	6	17	6	17	8	31	12	30	18	8
GGTTGCATAACA__0.164721427837608__65	8	6	9	13	13	18	13	20	6	6
TATTACGAAATC__0.164542112479726__29	13	30	20	6	8	31	12	36	30	7
GATTACGCAAGC__0.164520840529212__31	7	30	20	6	8	25	13	9	6	25
CCTTACATAATG__0.164434604828343__20	8	6	20	6	6	18	13	20	30	18
AGTTATGCAACA__0.16423439007174__48	11	6	20	13	18	13	13	9	6	6
TATTGCGTAAGT__0.164149067470871__28	13	30	9	13	25	8	6	20	6	11
GATTACGAAATC__0.163602956901576__28	7	30	20	6	8	31	12	36	30	7
CGTTACGTAAAA__0.163511156050273__30	8	6	20	6	8	8	6	20	36	36
AAACACGAATGA__0.163438537975291__16	36	6	6	17	8	31	12	30	18	8
GATTACCTAATA__0.163022077654873__26	7	30	20	6	8	8	18	20	30	13
TCTTGCGTAACG__0.162996053128921__27	9	6	9	13	25	8	6	20	6	8
GATTATATAAGT__0.162554903242484__20	7	30	20	13	13	13	13	20	6	11
GATTACGGAATC__0.162284588464267__21	7	30	20	6	8	2	5	12	30	7
GATGATGTAACG__0.161701271438091__27	7	18	8	7	18	6	6	20	6	8
CATGACGTAAGA__0.161634214544665__17	18	18	8	8	8	8	6	20	6	9
GGTTATGCAACA__0.16151262006866__62	8	6	20	13	18	13	13	9	6	6
GATTACGGAATG__0.16101435555283__18	7	30	20	6	8	2	5	12	30	18
GCTTACATAATT__0.16086613135961__24	25	6	20	6	6	18	13	20	30	30
CATTACGAAATC__0.160775803366474__23	18	30	20	6	8	31	12	36	30	7
CATTATGCAACA__0.160671571821093__39	18	30	20	13	18	13	13	9	6	6
TATTATGCAACG__0.160647713528415__35	13	30	20	13	18	13	13	9	6	8
GATTACGAAATG__0.160303039068175__22	7	30	20	6	8	31	12	36	30	18
TGTTGCATAACG__0.159845312501328__42	6	6	9	13	13	18	13	20	6	8
CATCACGAATGT__0.159778247623882__14	18	7	8	17	8	31	12	30	18	6
AGTGACGTAAGA__0.159557976537148__20	11	17	8	8	8	8	6	20	6	9
GGTTACGTAAAA__0.159399351347715__35	8	6	20	6	8	8	6	20	36	36
ACTTACGCAATC__0.159165176699245__25	11	6	20	6	8	25	13	9	30	7
CCCTCCCTACCC__0.159087361844847__55	13	8	8	5	13	8	18	6	8	13
CGTTACGTAAAT__0.158644553401468__24	8	6	20	6	8	8	6	20	36	30
TGATACGGCGAG__0.158622422226852__15	8	7	13	6	8	2	45	25	31	8
AGTTACGTAAAT__0.15847098828247__26	11	6	20	6	8	8	6	20	36	30
TATTACCTAATA__0.158105494990738__24	13	30	20	6	8	8	18	20	30	13
CATTGCGTAAGG__0.158049744097589__20	18	30	9	13	25	8	6	20	6	8
TATTGCGTAAGC__0.157950841527247__31	13	30	9	13	25	8	6	20	6	25
ATACACGAATGA__0.157635455301885__15	13	6	6	17	8	31	12	30	18	8
GCTTGCGTAACA__0.157550387690809__33	25	6	9	13	25	8	6	20	6	6
TACTACGTAATA__0.15746886959971__19	6	11	18	6	8	8	6	20	30	13
ATATAACTATTG__0.157449456329878__15	13	13	13	20	6	11	18	13	30	9
CCCCACGAATGA__0.15719805952479__13	13	13	8	17	8	31	12	30	18	8
AGTTTCGTAATG__0.156936485512273__22	11	6	36	12	31	8	6	20	30	18
GATTAGGTAATA__0.15683858424878__22	7	30	20	18	8	8	6	20	30	13
GGTTATGCAATG__0.156716957510948__45	8	6	20	13	18	13	13	9	30	18
GGTTGCATAATC__0.156512101628294__45	8	6	9	13	13	18	13	20	30	7
TTTTACGTAACT__0.156250947364892__28	36	36	20	6	8	8	6	20	6	11
AATTATGTAAGG__0.155772324530421__17	30	30	20	13	18	6	6	20	6	8
CCTTACGCAACC__0.155771719953321__38	8	6	20	6	8	25	13	9	6	8
AATTACGTCACG__0.155169801949997__20	30	30	20	6	8	8	8	8	17	8
CATTACATCATA__0.15500542729693__20	18	30	20	6	6	18	7	8	18	13
TCTTATGTAAGC__0.154996569371903__21	9	6	20	13	18	6	6	20	6	25
GATTAGGTAATC__0.154976862382874__21	7	30	20	18	8	8	6	20	30	7
CGTGACGTAACT__0.154794662042505__25	8	17	8	8	8	8	6	20	6	11
TGTTGCGTAAGT__0.154184626363194__31	6	6	9	13	25	8	6	20	6	11
TCTGACGTAACA__0.153453268316602__24	9	2	8	8	8	8	6	20	6	6
TATGACGCAACA__0.153277903393117__35	13	18	8	8	8	25	13	9	6	6
CCACACGAATGA__0.153135435314535__13	8	17	6	17	8	31	12	30	18	8
ACTTATATAACA__0.153134554157645__23	11	6	20	13	13	13	13	20	6	6
CGTTACGGAACA__0.152891801072934__20	8	6	20	6	8	2	5	12	6	6
GGTTCCGTAATA__0.152841422952614__23	8	6	12	5	2	8	6	20	30	13
GATTAGGTAATG__0.152358020234158__18	7	30	20	18	8	8	6	20	30	18
TATTACGCAAGG__0.152265860456651__18	13	30	20	6	8	25	13	9	6	8
TATTACGTGATA__0.152162480703733__16	13	30	20	6	8	8	17	8	7	13
ACCCACGAATGA__0.152090453542617__12	8	13	8	17	8	31	12	30	18	8
TGTTATGTCATC__0.152035406793786__30	6	6	20	13	18	6	8	8	18	7
CAACACGAATGA__0.151242077942596__12	9	6	6	17	8	31	12	30	18	8
CACAACGAATGA__0.151181202665625__12	17	6	9	6	8	31	12	30	18	8
TCTTGCGTAACT__0.150818747962962__23	9	6	9	13	25	8	6	20	6	11
AATTACGAAACA__0.150786279178543__27	30	30	20	6	8	31	12	36	6	6
CGTTACGAAATA__0.150739585741124__23	8	6	20	6	8	31	12	36	30	13
ACTTATATAACC__0.150527793978246__25	11	6	20	13	13	13	13	20	6	8
TGTTGCGCAACA__0.149749265342096__13	6	6	9	13	25	25	13	9	6	6
GGTTATATAAGC__0.149648371572172__29	8	6	20	13	13	13	13	20	6	25
CATTACCTAATA__0.149570449809318__18	18	30	20	6	8	8	18	20	30	13
CATTGCGTAAGA__0.149515569593147__19	18	30	9	13	25	8	6	20	6	9
ACTTACGTCATC__0.149485446132962__14	11	6	20	6	8	8	8	8	18	7
AATTGCGTAAGA__0.1493906031858__20	30	30	9	13	25	8	6	20	6	9
TGTTATGTCATA__0.149016644504292__30	6	6	20	13	18	6	8	8	18	13
GCTTGCGTAATG__0.148866175846021__20	25	6	9	13	25	8	6	20	30	18
TGTTACGAAATA__0.148855675405811__26	6	6	20	6	8	31	12	36	30	13
TATTATATAAGG__0.148710627100656__15	13	30	20	13	13	13	13	20	6	8
GGATACGTAATA__0.14848895779863__20	5	7	13	6	8	8	6	20	30	13
TCTTGCGTAATT__0.148427808138859__18	9	6	9	13	25	8	6	20	30	30
AATTGCATAACA__0.148173427052805__34	30	30	9	13	13	18	13	20	6	6
AGTTATATAAGG__0.148166432964842__16	11	6	20	13	13	13	13	20	6	8
GATTATGTCATA__0.147472504793643__20	7	30	20	13	18	6	8	8	18	13
GATTACGGAACC__0.147117861724053__20	7	30	20	6	8	2	5	12	6	8
TGTTGCGTCATC__0.146828539674394__29	6	6	9	13	25	8	8	8	18	7
TATTACATCATT__0.146085660814242__17	13	30	20	6	6	18	7	8	18	30
TATTACGAAATG__0.146030195838551__17	13	30	20	6	8	31	12	36	30	18
TGCTACGTAACA__0.145974654824938__23	13	25	18	6	8	8	6	20	6	6
TGATACGGCTCC__0.145916619639381__18	8	7	13	6	8	2	45	25	8	5
GTTTACGTAAGA__0.145879270674464__20	6	36	20	6	8	8	6	20	6	9
TATTACGTATCA__0.145841879946267__18	13	30	20	6	8	8	6	13	7	8
ATATAACTAGCG__0.145777885529734__12	13	13	13	20	6	11	18	18	25	25
GTTTACATAATC__0.145712043121857__21	6	36	20	6	6	18	13	20	30	7
AATTACGTAAAG__0.145494921577083__14	30	30	20	6	8	8	6	20	36	6
CATGATGTAATC__0.145397935615972__16	18	18	8	7	18	6	6	20	30	7
GATTCCGTAATG__0.145274829948019__12	7	30	12	5	2	8	6	20	30	18
AATCACGAATGA__0.144908645186823__13	30	7	8	17	8	31	12	30	18	8
CGTTACGGAATA__0.144690380797209__14	8	6	20	6	8	2	5	12	30	13
GGTGATGTAATA__0.144640024949502__30	8	17	8	7	18	6	6	20	30	13
AATTATGCAATA__0.144313291614885__22	30	30	20	13	18	13	13	9	30	13
AGTTACGTATTA__0.144275627475098__18	11	6	20	6	8	8	6	13	30	20
TGATACGGCGAT__0.144243085315747__12	8	7	13	6	8	2	45	25	31	7
AGATACGGCGAC__0.144077234694341__13	9	7	13	6	8	2	45	25	31	8
GATTACGAAACG__0.143957746326617__19	7	30	20	6	8	31	12	36	6	8
TATTACATAAAC__0.14377273678711__24	13	30	20	6	6	18	13	20	36	6
AATTACGGAATA__0.143656220309164__12	30	30	20	6	8	2	5	12	30	13
TATCACGTAATC__0.143499391445322__13	13	7	8	17	8	8	6	20	30	7
CCATTCGTGATG__0.143460506436205__9	8	18	30	12	31	8	17	8	7	18
TATTACGCAAGT__0.14341842275139__17	13	30	20	6	8	25	13	9	6	11
AATTATATAAGA__0.143365242646__14	30	30	20	13	13	13	13	20	6	9
ATACACGAATAA__0.143312689463858__14	13	6	6	17	8	31	12	30	13	20
TGTTACGAAACA__0.14318212637073__29	6	6	20	6	8	31	12	36	6	6
ACTTATATAATA__0.143097858853958__14	11	6	20	13	13	13	13	20	30	13
GTTTACATAACA__0.143061553355932__27	6	36	20	6	6	18	13	20	6	6
GATTATGCAACG__0.142526946992406__24	7	30	20	13	18	13	13	9	6	8
CATTACGAAACC__0.142443228218846__25	18	30	20	6	8	31	12	36	6	8
TGATACGGCGAA__0.142401693507097__13	8	7	13	6	8	2	45	25	31	12
TATTACGTATCG__0.14231008384554__14	13	30	20	6	8	8	6	13	7	31
GATTACGTAGTC__0.142249450510661__13	7	30	20	6	8	8	6	18	11	8
AATTGCATAATA__0.14222280736306__22	30	30	9	13	13	18	13	20	30	13
AACAACGAATGA__0.142022845969705__10	6	6	9	6	8	31	12	30	18	8
CCCTACCCACCC__0.141942670918164__63	13	8	18	6	8	13	8	17	8	13
TGTTACGTGATC__0.141921312838593__16	6	6	20	6	8	8	17	8	7	7
TGTTACGTGATA__0.141893378347147__17	6	6	20	6	8	8	17	8	7	13
CCCCACGAACAC__0.141839049467369__22	13	13	8	17	8	31	12	6	6	17
CCCCACTTACTA__0.141831722288658__11	13	13	8	17	11	6	20	6	11	18
GATTAGGTAACA__0.141778606045238__18	7	30	20	18	8	8	6	20	6	6
TATTACGTGATG__0.141719779488972__12	13	30	20	6	8	8	17	8	7	18
AATTACGGAACA__0.141713176794409__14	30	30	20	6	8	2	5	12	6	6
AGTTTCGTAATA__0.141684345154569__19	11	6	36	12	31	8	6	20	30	13
CGATACGGCGAC__0.141637784627987__12	31	7	13	6	8	2	45	25	31	8
AATTATGTAAGT__0.141500455691457__13	30	30	20	13	18	6	6	20	6	11
AATTATGCAATC__0.141347320661521__20	30	30	20	13	18	13	13	9	30	7
AGTTGCATAACA__0.141252980780304__34	11	6	9	13	13	18	13	20	6	6
TGTTACGTGATG__0.141215452173487__16	6	6	20	6	8	8	17	8	7	18
TATTACTTAATC__0.141057520501504__15	13	30	20	6	11	6	20	20	30	7
GGATACGTAATG__0.140919108796583__14	5	7	13	6	8	8	6	20	30	18
ATATAACTATTA__0.140816214468961__13	13	13	13	20	6	11	18	13	30	20
GATTACGTATTA__0.140438252050624__15	7	30	20	6	8	8	6	13	30	20
CGTTACGTGATG__0.140317788754122__11	8	6	20	6	8	8	17	8	7	18
TATTACGTATCT__0.140315640451687__14	13	30	20	6	8	8	6	13	7	9
GATTCCGTAATA__0.140292702372437__14	7	30	12	5	2	8	6	20	30	13
GATTGCATAAGA__0.140270509356036__19	7	30	9	13	13	18	13	20	6	9
AGTTCCGTAATC__0.139925667110893__14	11	6	12	5	2	8	6	20	30	7
TATTACGTATTG__0.139827101289744__14	13	30	20	6	8	8	6	13	30	9
GCTTATATAATG__0.139812475593665__15	25	6	20	13	13	13	13	20	30	18
CGCTACGTAACA__0.139768558169389__17	25	25	18	6	8	8	6	20	6	6
TGTTACATCACA__0.139586034610512__27	6	6	20	6	6	18	7	8	17	6
TCTTATGCAATA__0.138701238570437__19	9	6	20	13	18	13	13	9	30	13
TCTGACGTAACC__0.138572836744051__19	9	2	8	8	8	8	6	20	6	8
GATGATGTAACC__0.138557039045161__20	7	18	8	7	18	6	6	20	6	8
AATTACGTAAAT__0.138296837301489__14	30	30	20	6	8	8	6	20	36	30
TGTTACGTATCG__0.138108680673981__17	6	6	20	6	8	8	6	13	7	31
TATTATGTCATA__0.138101737297771__17	13	30	20	13	18	6	8	8	18	13
ACCACCGTACAC__0.137914258069427__16	8	8	17	8	2	8	6	6	6	17
TATTACGAAACG__0.137880709080686__17	13	30	20	6	8	31	12	36	6	8
AGTTATGCAATG__0.137710976055385__21	11	6	20	13	18	13	13	9	30	18
CGTGACGTAAGA__0.137450772256897__13	8	17	8	8	8	8	6	20	6	9
TGTTATGCAACG__0.137395939360599__29	6	6	20	13	18	13	13	9	6	8
CATTACGTATCA__0.137357005544371__12	18	30	20	6	8	8	6	13	7	8
GATTACGAAACT__0.137330681492661__17	7	30	20	6	8	31	12	36	6	11
TCTGACGTAATG__0.137207961177688__10	9	2	8	8	8	8	6	20	30	18
TATTACGGAACG__0.137138221404084__13	13	30	20	6	8	2	5	12	6	8
AACCACGAACAC__0.137128626823026__22	6	8	8	17	8	31	12	6	6	17
TGATACGGCTCT__0.137114233124447__11	8	7	13	6	8	2	45	25	8	9
TCATTCGTTTTT__0.137084059995115__9	8	18	30	12	31	8	6	36	36	36
TCATTCGTGGTC__0.13691034153119__10	8	18	30	12	31	8	17	8	8	8
CGCTACGTAATC__0.136906462993418__12	25	25	18	6	8	8	6	20	30	7
GATTCCGTAACA__0.136886001038121__17	7	30	12	5	2	8	6	20	6	6
TGATACGGCGTG__0.136855444597389__9	8	7	13	6	8	2	45	25	8	17
TGTTACGGAATA__0.136841643311039__16	6	6	20	6	8	2	5	12	30	13
GGTGATGTAATC__0.13654195873055__25	8	17	8	7	18	6	6	20	30	7
GGATACGGCGAC__0.136320107638925__13	5	7	13	6	8	2	45	25	31	8
ACCCACCTACAC__0.136217130957855__23	8	13	8	17	8	8	18	6	6	17
TCATTCGTCAAT__0.13604686379362__11	8	18	30	12	31	8	8	8	9	30
CGTTAAGTAATC__0.136010833379647__13	8	6	20	20	6	11	6	20	30	7
CACCCCGTATCC__0.135918443736962__9	17	8	13	13	2	8	6	13	7	5
GTCGTCGTATCA__0.135847319859861__14	8	31	8	8	31	8	6	13	7	8
GGTTACGTGATA__0.135795924241191__16	8	6	20	6	8	8	17	8	7	13
GAATACGTAACA__0.135719989036025__19	12	30	13	6	8	8	6	20	6	6
CCCTCCCTATCT__0.135691829081944__10	13	8	8	5	13	8	18	13	7	9
GATTACGAAACC__0.135569978184985__24	7	30	20	6	8	31	12	36	6	8
TGTTAGGTAATA__0.135520425068034__22	6	6	20	18	8	8	6	20	30	13
CATCACGAATTA__0.135473933035888__10	18	7	8	17	8	31	12	30	30	20
CCACACGAAATA__0.135442118279781__12	8	17	6	17	8	31	12	36	30	13
TTTTACGTAAGA__0.13538248850843__14	36	36	20	6	8	8	6	20	6	9
CCTTACATAAGA__0.135378324738351__11	8	6	20	6	6	18	13	20	6	9
GATTACGGAACG__0.134945520872814__12	7	30	20	6	8	2	5	12	6	8
TATTACTTAATA__0.134934894153686__13	13	30	20	6	11	6	20	20	30	13
TATGACGCAATC__0.134900189094851__18	13	18	8	8	8	25	13	9	30	7
TATTATGTCATC__0.134818540019077__15	13	30	20	13	18	6	8	8	18	7
ATAAACGAATGA__0.134723844394958__10	13	20	36	6	8	31	12	30	18	8
CTTTAGGTGGTT__0.134667677361158__11	6	36	20	18	8	8	17	8	8	6
GATTACGTATCT__0.134617228125349__12	7	30	20	6	8	8	6	13	7	9
CTTTCCCTAACT__0.13450608599646__15	6	36	12	5	13	8	18	20	6	11
ACTGACGTAATA__0.134497004770133__11	11	2	8	8	8	8	6	20	30	13
AATGATGTAATC__0.134417671950843__13	30	18	8	7	18	6	6	20	30	7
CATTACGTGACT__0.134334589670663__9	18	30	20	6	8	8	17	8	8	11
TGTGATGTAATC__0.134280831263878__21	6	17	8	7	18	6	6	20	30	7
CCCCCCGTACCC__0.1342374385__17	13	13	13	13	2	8	6	6	8	13
CCACACGAAATT__0.133934321060785__9	8	17	6	17	8	31	12	36	30	30
CCACACGAACAC__0.133921649850756__20	8	17	6	17	8	31	12	6	6	17
TATTACGTGACG__0.133712385479199__11	13	30	20	6	8	8	17	8	8	8
CGCTACGTAATG__0.133655146546662__9	25	25	18	6	8	8	6	20	30	18
AGTTACGAAATA__0.133638482840788__17	11	6	20	6	8	31	12	36	30	13
TATTAAGTAACA__0.133597650240891__15	13	30	20	20	6	11	6	20	6	6
TCTTACATAAGT__0.133366192329214__10	9	6	20	6	6	18	13	20	6	11
CCTTATGTAAGA__0.133365758029267__9	8	6	20	13	18	6	6	20	6	9
CGTTACGAAACA__0.133339520871029__21	8	6	20	6	8	31	12	36	6	6
TGTTACGGAATG__0.133216212701983__14	6	6	20	6	8	2	5	12	30	18
CCCCACCTACAC__0.133172427743592__22	13	13	8	17	8	8	18	6	6	17
TCATTCGTGATC__0.133105458746033__10	8	18	30	12	31	8	17	8	7	7
AATTACGAAATA__0.133021206246994__14	30	30	20	6	8	31	12	36	30	13
GATTACCTAACC__0.132987694099313__25	7	30	20	6	8	8	18	20	6	8
AATTACGTGATA__0.13292154371065__9	30	30	20	6	8	8	17	8	7	13
ATATAACTACTG__0.132899165810068__10	13	13	13	20	6	11	18	6	11	2
TGATACGGCGTC__0.132673424757717__9	8	7	13	6	8	2	45	25	8	8
TACTACGTAATC__0.132578012197222__11	6	11	18	6	8	8	6	20	30	7
CATTATGCAATG__0.132532029612794__15	18	30	20	13	18	13	13	9	30	18
CACCACGAACAC__0.132495112777403__19	17	8	8	17	8	31	12	6	6	17
CATTACGCAAGT__0.132400359958192__11	18	30	20	6	8	25	13	9	6	11
GAACACGAATGA__0.132352188435412__9	12	6	6	17	8	31	12	30	18	8
AGATACGGCGCC__0.132302694400214__12	9	7	13	6	8	2	45	25	25	45
GTTTACATAATA__0.132211741141032__16	6	36	20	6	6	18	13	20	30	13
CATTACGGAACC__0.132137423572042__12	18	30	20	6	8	2	5	12	6	8
GATTACGTATCA__0.132027616854108__13	7	30	20	6	8	8	6	13	7	8
GATGACGCAATC__0.131978019876238__16	7	18	8	8	8	25	13	9	30	7
TATTACGTACCA__0.131870368917243__19	13	30	20	6	8	8	6	6	8	8
ATATAACTAGAA__0.131864198585881__9	13	13	13	20	6	11	18	18	9	12
GATTAAGTAATC__0.131859564054496__12	7	30	20	20	6	11	6	20	30	7
CATTAAGTAATC__0.131758484794825__10	18	30	20	20	6	11	6	20	30	7
AATTGCATAATC__0.131678331854327__17	30	30	9	13	13	18	13	20	30	7
TGTTGCGCAATC__0.131677879513032__30	6	6	9	13	25	25	13	9	30	7
GATTACCTAACA__0.131630641949975__20	7	30	20	6	8	8	18	20	6	6
CTTTCCCTACAC__0.131591029227125__24	6	36	12	5	13	8	18	6	6	17
TATTACGGAACT__0.131560488711333__12	13	30	20	6	8	2	5	12	6	11
GGTTACGTGATG__0.131466660471743__14	8	6	20	6	8	8	17	8	7	18
TGTTATGTCATT__0.131346197610649__19	6	6	20	13	18	6	8	8	18	30
CATCACGAACGA__0.131342829702051__11	18	7	8	17	8	31	12	6	8	31
TGTTATCTAATC__0.131340837692886__12	6	6	20	13	7	9	18	20	30	7
CATTATGTCATC__0.131234110104797__12	18	30	20	13	18	6	8	8	18	7
AGTGATGTAATC__0.131193937023303__15	11	17	8	7	18	6	6	20	30	7
CGTTACGAAATC__0.131138042363529__15	8	6	20	6	8	31	12	36	30	7
TATTATCTAATC__0.131015133725072__10	13	30	20	13	7	9	18	20	30	7
TATTGCGTCATC__0.130854493001042__16	13	30	9	13	25	8	8	8	18	7
TGTTACGTATTA__0.130737413320999__16	6	6	20	6	8	8	6	13	30	20
GGTTGCATAATG__0.130707802916539__24	8	6	9	13	13	18	13	20	30	18
CCTTACATAAGC__0.130649003708723__13	8	6	20	6	6	18	13	20	6	25
TGTTACGAAATG__0.130645304788164__15	6	6	20	6	8	31	12	36	30	18
GACCACCTAACA__0.130619420862434__18	8	8	8	17	8	8	18	20	6	6
TGTTACCTAATA__0.130442959242876__15	6	6	20	6	8	8	18	20	30	13
GATTACGTCAGC__0.130390245643009__13	7	30	20	6	8	8	8	8	2	25
CATTACGAAATG__0.130365658513435__10	18	30	20	6	8	31	12	36	30	18
ACCAACGAACAA__0.130155050188455__14	8	8	9	6	8	31	12	6	6	9
CGTTACGTATTA__0.130126530774506__12	8	6	20	6	8	8	6	13	30	20
GATCACGTAATC__0.130086692709__9	7	7	8	17	8	8	6	20	30	7
CCCACCGTAACT__0.130062024490678__9	13	8	17	8	2	8	6	20	6	11
CCCTACACAACG__0.129846063621306__15	13	8	18	6	6	17	6	9	6	8
CGTTACGAAATG__0.129808474561665__12	8	6	20	6	8	31	12	36	30	18
CACCACCTAACA__0.12976979901736__17	17	8	8	17	8	8	18	20	6	6
ACCCCCGTACAC__0.129705234747352__13	8	13	13	13	2	8	6	6	6	17
CCACACGAACAG__0.129701262168613__10	8	17	6	17	8	31	12	6	6	2
AAATACGGCGAC__0.129619783454947__10	36	30	13	6	8	2	45	25	31	8
GAATACGGCGAC__0.129512319485089__11	12	30	13	6	8	2	45	25	31	8
TGTTACCTAACA__0.129475041959512__21	6	6	20	6	8	8	18	20	6	6
TATTACGAAACC__0.129171807562998__21	13	30	20	6	8	31	12	36	6	8
CTTTCCCTACCC__0.129147994874637__30	6	36	12	5	13	8	18	6	8	13
TGTTACATCATT__0.128924047095177__14	6	6	20	6	6	18	7	8	18	30
TATTCCGTAACT__0.128918538845726__11	13	30	12	5	2	8	6	20	6	11
TGTCACGTAATC__0.128749799987139__11	6	8	8	17	8	8	6	20	30	7
AATTCCGTAACA__0.128721768790616__13	30	30	12	5	2	8	6	20	6	6
GATGATGTAATT__0.128702225577395__12	7	18	8	7	18	6	6	20	30	30
GGTTACATCATA__0.128682663256354__16	8	6	20	6	6	18	7	8	18	13
TGTTACGTGACA__0.128674366481321__14	6	6	20	6	8	8	17	8	8	6
TATTACGTGATT__0.1285057564654__9	13	30	20	6	8	8	17	8	7	30
TCATTCGTGCTT__0.12835854671538__9	8	18	30	12	31	8	17	13	25	6
CGTTATGCAATG__0.12832253469095__16	8	6	20	13	18	13	13	9	30	18
TGTTACGTACCC__0.128321776985643__24	6	6	20	6	8	8	6	6	8	13
CACCACCTACTC__0.128209478647784__12	17	8	8	17	8	8	18	6	11	8
CCACACGAAAAC__0.127852148009745__13	8	17	6	17	8	31	12	36	36	6
GATGATGTAAGA__0.127811157508326__12	7	18	8	7	18	6	6	20	6	9
AATTGCATAACC__0.127744884922403__25	30	30	9	13	13	18	13	20	6	8
TATTACGTGACA__0.127742251998619__11	13	30	20	6	8	8	17	8	8	6
CCCCCCGTAACA__0.127673435176363__10	13	13	13	13	2	8	6	20	6	6
ATATAACTAACT__0.127625445613305__11	13	13	13	20	6	11	18	20	6	11
CATCACGAAATG__0.127614768053004__9	18	7	8	17	8	31	12	36	30	18
GATTACGTATTC__0.127613385110453__12	7	30	20	6	8	8	6	13	30	12
ACTTACGTCATA__0.127479739561936__9	11	6	20	6	8	8	8	8	18	13
CCACACGTAACA__0.127195251863382__11	8	17	6	17	8	8	6	20	6	6
GGTTAGGTAATA__0.127115911122962__22	8	6	20	18	8	8	6	20	30	13
CATTACGTATTA__0.12701205437284__9	18	30	20	6	8	8	6	13	30	20
TGTTACGAAATC__0.126987492502892__16	6	6	20	6	8	31	12	36	30	7
GCTTATATAACT__0.126863463924641__13	25	6	20	13	13	13	13	20	6	11
CTTTCCCTATGC__0.12681381890022__11	6	36	12	5	13	8	18	13	18	13
GGTTACCTAATA__0.12679630098435__14	8	6	20	6	8	8	18	20	30	13
CATCACGAATAA__0.126714062994348__11	18	7	8	17	8	31	12	30	13	20
TATTACGTACCT__0.126650872387937__14	13	30	20	6	8	8	6	6	8	8
GATGACATAATC__0.126513014814098__12	7	18	8	8	6	18	13	20	30	7
AATTCCGTAATC__0.126459471384873__9	30	30	12	5	2	8	6	20	30	7
CATTACATCACA__0.126454065452628__16	18	30	20	6	6	18	7	8	17	6
GAATACGTAATA__0.126430238358241__12	12	30	13	6	8	8	6	20	30	13
CCCTACCTCTTC__0.126401320584552__9	13	8	18	6	8	8	8	9	6	12
TATTACGGAATG__0.126358311102014__9	13	30	20	6	8	2	5	12	30	18
GATTACGCAAGG__0.126309551582__10	7	30	20	6	8	25	13	9	6	8
CCCTACTTTCCC__0.126303948450823__12	13	8	18	6	11	6	36	12	5	13
CCCTCCGAACAC__0.126246644662373__16	13	8	8	5	2	31	12	6	6	17
CCCGCCGTACAC__0.126117948510881__10	13	2	25	45	2	8	6	6	6	17
TCCCCCGTACCC__0.126108293951239__15	5	13	13	13	2	8	6	6	8	13
ACCAACGAACAC__0.126014457296298__15	8	8	9	6	8	31	12	6	6	17
CCCCACGAACAA__0.125984892834332__13	13	13	8	17	8	31	12	6	6	9
CATTACGAAACG__0.125959811714066__11	18	30	20	6	8	31	12	36	6	8
GCTTACGCAATT__0.125928249172525__14	25	6	20	6	8	25	13	9	30	30
TCTTATGTAAGT__0.125870065567563__9	9	6	20	13	18	6	6	20	6	11
CCACACGAACAA__0.125851538214202__14	8	17	6	17	8	31	12	6	6	9
GATCACGTAACT__0.125705485968351__9	7	7	8	17	8	8	6	20	6	11
CATTGCGTCATC__0.125658417300412__12	18	30	9	13	25	8	8	8	18	7
CCTGACGTAATA__0.125646930954179__9	8	2	8	8	8	8	6	20	30	13
ATATAACTATCA__0.125554061740509__10	13	13	13	20	6	11	18	13	7	8
CGTTGCGTAAGC__0.125454309745704__15	8	6	9	13	25	8	6	20	6	25
ACCTCCGAACAC__0.125327204002221__15	8	8	8	5	2	31	12	6	6	17
ACCCACGAACAC__0.12531019864586__15	8	13	8	17	8	31	12	6	6	17
TAATACGGCTCC__0.125148366486888__11	20	30	13	6	8	2	45	25	8	5
GGTTCCGTAATT__0.125085867858987__11	8	6	12	5	2	8	6	20	30	30
AGTCACGTAATC__0.125069124001464__9	11	8	8	17	8	8	6	20	30	7
GATTACGTACCC__0.125026908655521__19	7	30	20	6	8	8	6	6	8	13
CCCCACCTAAAT__0.124934139671488__10	13	13	8	17	8	8	18	20	36	30
GATTATGTCATT__0.124889211196722__11	7	30	20	13	18	6	8	8	18	30
GGAAACGAATGA__0.124855602165036__9	5	12	36	6	8	31	12	30	18	8
CGTTATATAAGG__0.124804091228227__9	8	6	20	13	13	13	13	20	6	8
AACCACCTACAC__0.124771230902119__18	6	8	8	17	8	8	18	6	6	17
GGTTACGGAATA__0.124751093494057__13	8	6	20	6	8	2	5	12	30	13
CATCACGAAAAA__0.124679857961691__12	18	7	8	17	8	31	12	36	36	36
TATGATGTAATT__0.124595629275347__11	13	18	8	7	18	6	6	20	30	30
CTTTCCCTACAA__0.124529749606126__17	6	36	12	5	13	8	18	6	6	9
GCTTACGTCACA__0.124412142469265__15	25	6	20	6	8	8	8	8	17	6
TCCCACGAACAC__0.124304926917598__16	5	13	8	17	8	31	12	6	6	17
TCCCACCTACTA__0.124102258791495__12	5	13	8	17	8	8	18	6	11	18
ACTTGCGTAACG__0.123971190898351__11	11	6	9	13	25	8	6	20	6	8
CACCACGAAAAA__0.12393200483256__10	17	8	8	17	8	31	12	36	36	36
CATCACGAATGC__0.123900751171853__10	18	7	8	17	8	31	12	30	18	13
AATTATGCAACA__0.123842264150665__18	30	30	20	13	18	13	13	9	6	6
CACCACCTAACC__0.123837223428537__18	17	8	8	17	8	8	18	20	6	8
AATGACGCAACA__0.123764543923556__17	30	18	8	8	8	25	13	9	6	6
GGTTATGCAACG__0.123533001878063__24	8	6	20	13	18	13	13	9	6	8
GGTTACGCAAGG__0.123517663386392__13	8	6	20	6	8	25	13	9	6	8
CCCCACCTACCT__0.123509655311865__14	13	13	8	17	8	8	18	6	8	8
CCCACCGTACAC__0.123399267142343__12	13	8	17	8	2	8	6	6	6	17
TGTTACTTAATC__0.123312457458401__12	6	6	20	6	11	6	20	20	30	7
AGTTGCATAATC__0.123306140338564__17	11	6	9	13	13	18	13	20	30	7
TCATTCGTGCAT__0.12329228926505__9	8	18	30	12	31	8	17	13	13	18
TTTTTCGTGTGG__0.123268349545913__10	36	36	36	12	31	8	17	6	17	8
CATTATGCAACG__0.12312189254869__14	18	30	20	13	18	13	13	9	6	8
GACCACGAACAC__0.123089030207833__16	8	8	8	17	8	31	12	6	6	17
GATTAGGTAACG__0.123066589673463__11	7	30	20	18	8	8	6	20	6	8
GGGTAGGTGGGG__0.123026762260165__23	13	8	6	18	8	8	17	8	13	13
GCTTACATAAGC__0.122980468091662__13	25	6	20	6	6	18	13	20	6	25
TATGATGTAACG__0.122967539260759__12	13	18	8	7	18	6	6	20	6	8
CGTTACGGAACG__0.12279155894583__9	8	6	20	6	8	2	5	12	6	8
TCATTCGTATTT__0.122715298487278__9	8	18	30	12	31	8	6	13	30	36
AGTTACGTGATA__0.122688939532556__9	11	6	20	6	8	8	17	8	7	13
TGTTAAGTAATC__0.122584751239699__13	6	6	20	20	6	11	6	20	30	7
GACCACCTACAC__0.122445587362017__17	8	8	8	17	8	8	18	6	6	17
CCTTCCCTACAC__0.122403108810417__19	8	6	12	5	13	8	18	6	6	17
GATTACCTAACT__0.122310055335505__12	7	30	20	6	8	8	18	20	6	11
TATTACGTACCC__0.122296551027879__18	13	30	20	6	8	8	6	6	8	13
TATTACACAACA__0.122290963652712__21	13	30	20	6	6	17	6	9	6	6
CCGAACTTACTC__0.122214243400907__9	2	31	12	6	11	6	20	6	11	8
GTCGCCGTAACG__0.122206960174354__9	8	31	25	45	2	8	6	20	6	8
ATTTACGGCGAC__0.122164922172013__9	30	36	20	6	8	2	45	25	31	8
CCACACGAAACT__0.122158231190809__9	8	17	6	17	8	31	12	36	6	11
GCTTGCGTAACT__0.122154363659184__14	25	6	9	13	25	8	6	20	6	11
TCATTCGTAATT__0.12214509251422__9	8	18	30	12	31	8	6	20	30	30
TGATACGGCTAC__0.122135433080102__10	8	7	13	6	8	2	45	25	18	6
ACCCACCTAGCA__0.122083390968718__10	8	13	8	17	8	8	18	18	25	13
GATTACGTACTG__0.121982140019065__9	7	30	20	6	8	8	6	6	11	2
CACCACCTACCA__0.121923176220917__17	17	8	8	17	8	8	18	6	8	8
CACCACCTAATA__0.121882593384__9	17	8	8	17	8	8	18	20	30	13
CTTTCCCTAAAT__0.121864829374875__10	6	36	12	5	13	8	18	20	36	30
TGTTACGTACCT__0.121837451086244__15	6	6	20	6	8	8	6	6	8	8
AATGACGCAATC__0.121699901044916__12	30	18	8	8	8	25	13	9	30	7
CCCTCCGCACCC__0.121608010034238__23	13	8	8	5	2	25	13	17	8	13
TGTTACGGAACA__0.121572673314757__13	6	6	20	6	8	2	5	12	6	6
TGTTCCGTAACT__0.121557921969787__11	6	6	12	5	2	8	6	20	6	11
TATTACGTATTA__0.121521213566857__10	13	30	20	6	8	8	6	13	30	20
CCTGACGTAACA__0.121415420759389__11	8	2	8	8	8	8	6	20	6	6
TGTTACGTATTG__0.121102619565022__12	6	6	20	6	8	8	6	13	30	9
CCATCCGAACAC__0.121047799105203__14	8	18	7	5	2	31	12	6	6	17
CCCCACGCAACG__0.121020862697947__10	13	13	8	17	8	25	13	9	6	8
GGTGACGTAAGG__0.120912102362427__11	8	17	8	8	8	8	6	20	6	8
CTTTCCCTACTC__0.120870885142547__12	6	36	12	5	13	8	18	6	11	8
CCCCACCTAACT__0.120793828650505__10	13	13	8	17	8	8	18	20	6	11
CTTTCCCTACAG__0.120788536300798__10	6	36	12	5	13	8	18	6	6	2
CACCACCTACTA__0.120776550748693__10	17	8	8	17	8	8	18	6	11	18
TCTTGCGTAAGA__0.120653341123174__9	9	6	9	13	25	8	6	20	6	9
AACCACCTAACT__0.120649304991283__10	6	8	8	17	8	8	18	20	6	11
CCTTACGCAACT__0.120619005945977__12	8	6	20	6	8	25	13	9	6	11
GATTACATAAAC__0.120592447971746__14	7	30	20	6	6	18	13	20	36	6
CACTACTTTCCC__0.120532916405214__10	17	11	18	6	11	6	36	12	5	13
ACACACGAACAC__0.120435657511213__14	6	17	6	17	8	31	12	6	6	17
TATTACATAAAT__0.120432093525662__11	13	30	20	6	6	18	13	20	36	30
GGTTAGGTAATG__0.120349396136481__17	8	6	20	18	8	8	6	20	30	18
CGTTGCGTCATC__0.120265217035321__12	8	6	9	13	25	8	8	8	18	7
AGTTGCATAACT__0.120182959405538__17	11	6	9	13	13	18	13	20	6	11
CCACACGAACCA__0.120049066968894__14	8	17	6	17	8	31	12	6	8	8
TCTTATGTCATC__0.119988922082282__9	9	6	20	13	18	6	8	8	18	7
TGTTACGTATTT__0.119931183967959__12	6	6	20	6	8	8	6	13	30	36
TGTTAGGTAACG__0.119819558329381__16	6	6	20	18	8	8	6	20	6	8
TGTTATCTAATA__0.119610217929198__10	6	6	20	13	7	9	18	20	30	13
TATTACTTAACG__0.119545149148282__9	13	30	20	6	11	6	20	20	6	8
CCCACCGTACAA__0.119497776914611__9	13	8	17	8	2	8	6	6	6	9
TCTTGCATAACA__0.119454775625951__18	9	6	9	13	13	18	13	20	6	6
CCTTATGCAATA__0.119427460762236__10	8	6	20	13	18	13	13	9	30	13
AGTTACCTAATA__0.119414849219664__11	11	6	20	6	8	8	18	20	30	13
TATTACGTAGCC__0.11934724719664__11	13	30	20	6	8	8	6	18	25	45
TGTTACGTACTA__0.119338712938683__12	6	6	20	6	8	8	6	6	11	18
CCACACGCAAGC__0.119289447770402__9	8	17	6	17	8	25	13	9	6	25
TTGTAGTTATAT__0.119265604799256__12	9	6	6	18	11	6	20	13	13	13
TCATTCGTGCCT__0.119258293490544__9	8	18	30	12	31	8	17	13	45	8
CCCTACATAACT__0.119139149101605__9	13	8	18	6	6	18	13	20	6	11
TATTACGTATTT__0.119069554835672__9	13	30	20	6	8	8	6	13	30	36
CTCTCCCTACAC__0.118962979139531__18	8	9	8	5	13	8	18	6	6	17
GGTTGCGTCATC__0.118930666375383__18	8	6	9	13	25	8	8	8	18	7
GGATACGTAATC__0.118773513102759__10	5	7	13	6	8	8	6	20	30	7
CATTACATAAAC__0.118742964606316__12	18	30	20	6	6	18	13	20	36	6
CCCTCCCTAACC__0.118689448907887__17	13	8	8	5	13	8	18	20	6	8
CATTACGTCAAC__0.118683266814842__9	18	30	20	6	8	8	8	8	9	6
GGTTACGTAGTC__0.118671257007142__11	8	6	20	6	8	8	6	18	11	8
GCTTACGTAAAA__0.118647071981154__11	25	6	20	6	8	8	6	20	36	36
GGTTACGTAGCA__0.118573532292034__13	8	6	20	6	8	8	6	18	25	13
CCCCACCTATCC__0.118456680956936__12	13	13	8	17	8	8	18	13	7	5
AAATACGGCTCC__0.118287027242175__9	36	30	13	6	8	2	45	25	8	5
CGTTATATAAGC__0.118286145810977__10	8	6	20	13	13	13	13	20	6	25
GCTTGCGTAACG__0.118209185546483__12	25	6	9	13	25	8	6	20	6	8
CATTGCGTAAGC__0.118127099227412__11	18	30	9	13	25	8	6	20	6	25
CGTTGCGTAAGG__0.118039741467103__10	8	6	9	13	25	8	6	20	6	8
GACCACGAACTA__0.118016364428885__9	8	8	8	17	8	31	12	6	11	18
AATTGCATAATG__0.11798438591258__11	30	30	9	13	13	18	13	20	30	18
CGTTGCATAACG__0.117968402319254__14	8	6	9	13	13	18	13	20	6	8
CCTTGCGTAACT__0.11791097737187__9	8	6	9	13	25	8	6	20	6	11
CATTCCCTACAC__0.117889931536508__16	18	30	12	5	13	8	18	6	6	17
GATGATGTAACT__0.117874205584494__11	7	18	8	7	18	6	6	20	6	11
GGTTACGTACCC__0.11786862797949__19	8	6	20	6	8	8	6	6	8	13
GGTTACTTAATC__0.117846429543081__11	8	6	20	6	11	6	20	20	30	7
CAACACCTAAAA__0.117820252855684__10	9	6	6	17	8	8	18	20	36	36
TGTTACGTAGTC__0.117750990353734__10	6	6	20	6	8	8	6	18	11	8
AACCACCTAAAC__0.117672312497832__13	6	8	8	17	8	8	18	20	36	6
TGTTACCTAACT__0.117627007730306__12	6	6	20	6	8	8	18	20	6	11
GAGGACGAATGA__0.117498085032681__9	8	8	5	8	8	31	12	30	18	8
AGTGACGCAACA__0.117405706723671__15	11	17	8	8	8	25	13	9	6	6
ACCCACGAACCA__0.117354649241476__12	8	13	8	17	8	31	12	6	8	8
CATTATGTCATA__0.117283954414225__9	18	30	20	13	18	6	8	8	18	13
GATTGTGTAATC__0.117270303698835__13	7	30	9	6	17	6	6	20	30	7
TGTTACTTAACA__0.11716062750655__13	6	6	20	6	11	6	20	20	6	6
CATCACGAAATA__0.117110813910109__9	18	7	8	17	8	31	12	36	30	13
CTTTCCCTAATA__0.117014286238127__9	6	36	12	5	13	8	18	20	30	13
AATTCCCTACAC__0.117005025373868__16	30	30	12	5	13	8	18	6	6	17
TATTATGTCATG__0.116963853955427__9	13	30	20	13	18	6	8	8	18	18
ACCACCGTAACC__0.116859675277922__9	8	8	17	8	2	8	6	20	6	8
TATTACACAATC__0.116806357202169__13	13	30	20	6	6	17	6	9	30	7
ACCTCCCTACTC__0.116786834828465__10	8	8	8	5	13	8	18	6	11	8
CTTTCCCTAGCA__0.116668327889091__10	6	36	12	5	13	8	18	18	25	13
TACTACGTAACA__0.116517120764175__10	6	11	18	6	8	8	6	20	6	6
AGTTGCATAATG__0.116500330006676__13	11	6	9	13	13	18	13	20	30	18
GACCACCTAACT__0.116354821127132__9	8	8	8	17	8	8	18	20	6	11
GGTTACGTATCT__0.116192190328101__11	8	6	20	6	8	8	6	13	7	9
GATTACGTCAAC__0.11616435785598__10	7	30	20	6	8	8	8	8	9	6
AATTGCATAACT__0.116147511854807__13	30	30	9	13	13	18	13	20	6	11
AGTTATGCAACC__0.115995388750737__19	11	6	20	13	18	13	13	9	6	8
CATGACGCAACT__0.115816254305987__11	18	18	8	8	8	25	13	9	6	11
CCCCACATACAA__0.115802344314345__10	13	13	8	17	6	18	13	6	6	9
CACCCCGTACCC__0.115786162760944__11	17	8	13	13	2	8	6	6	8	13
AGTTATGTCATA__0.115737187036828__11	11	6	20	13	18	6	8	8	18	13
TATGATGTAAGA__0.115711131250048__9	13	18	8	7	18	6	6	20	6	9
CCCTCCCTAGCC__0.115597876336807__11	13	8	8	5	13	8	18	18	25	45
CCCTACACAACA__0.115561849430619__16	13	8	18	6	6	17	6	9	6	6
AACCACCTACCA__0.115493287525119__15	6	8	8	17	8	8	18	6	8	8
CCTTGCGTAACA__0.115485977620761__10	8	6	9	13	25	8	6	20	6	6
TGTTACGAAACG__0.115456582255427__12	6	6	20	6	8	31	12	36	6	8
AATGACATAACT__0.115398145697317__10	30	18	8	8	6	18	13	20	6	11
CCCCACCTACCA__0.11531938698311__15	13	13	8	17	8	8	18	6	8	8
AATGACATAATA__0.115293660007247__9	30	18	8	8	6	18	13	20	30	13
CATTACATCACT__0.115252604189983__9	18	30	20	6	6	18	7	8	17	11
CCTTCCCTACCC__0.115248267270442__21	8	6	12	5	13	8	18	6	8	13
TGTTACGTGAAT__0.115200338697924__9	6	6	20	6	8	8	17	8	12	30
TATGACATAACC__0.115180085304269__16	13	18	8	8	6	18	13	20	6	8
GGTTACCTAATG__0.115149175192333__9	8	6	20	6	8	8	18	20	30	18
CACCACCTACCG__0.115139372765824__9	17	8	8	17	8	8	18	6	8	2
CCATCCCTACCC__0.115138248386785__19	8	18	7	5	13	8	18	6	8	13
TGTTACGTACCA__0.115117396202195__15	6	6	20	6	8	8	6	6	8	8
GACCACCTATCC__0.115081189934791__11	8	8	8	17	8	8	18	13	7	5
CCACCCGTACCC__0.114965223966871__11	8	17	8	13	2	8	6	6	8	13
AACCACCTACTC__0.114920838753471__9	6	8	8	17	8	8	18	6	11	8
AGTTGCATAACG__0.114758061342925__14	11	6	9	13	13	18	13	20	6	8
GCCCACCTAACA__0.114738305196106__13	45	13	8	17	8	8	18	20	6	6
TGTTACGTAGCC__0.114729236202994__12	6	6	20	6	8	8	6	18	25	45
GCCCACCTAAAA__0.114721392716315__11	45	13	8	17	8	8	18	20	36	36
TTTTAGGGAAAG__0.114699984867039__11	36	36	20	18	8	13	5	12	36	6
GCTTGCGTAAGA__0.114611840648874__9	25	6	9	13	25	8	6	20	6	9
ACTGACGTAACA__0.11448484050066__9	11	2	8	8	8	8	6	20	6	6
CCACACCTAGCC__0.114398808167515__9	8	17	6	17	8	8	18	18	25	45
ACTTACGTCACA__0.114373220363911__9	11	6	20	6	8	8	8	8	17	6
ACCAACGCACAC__0.114316185219018__17	8	8	9	6	8	25	13	17	6	17
AGTTATGTCATC__0.11424771389448__10	11	6	20	13	18	6	8	8	18	7
TGTTACGTATCA__0.114237097731399__11	6	6	20	6	8	8	6	13	7	8
GGTTACGCAAGC__0.114164113426497__13	8	6	20	6	8	25	13	9	6	25
CATGACATAACC__0.114157633450328__14	18	18	8	8	6	18	13	20	6	8
AACCACCTAACA__0.114102774484527__12	6	8	8	17	8	8	18	20	6	6
TATTACATCACT__0.114071757569029__10	13	30	20	6	6	18	7	8	17	11
CCCTCCCTACGC__0.114057058459514__10	13	8	8	5	13	8	18	6	8	25
CCTTCCCTACCA__0.113696076049395__16	8	6	12	5	13	8	18	6	8	8
GTTTACATAATG__0.113619934617818__9	6	36	20	6	6	18	13	20	30	18
GGTTACGAAATA__0.113609167328148__12	8	6	20	6	8	31	12	36	30	13
TATGACGCAATA__0.113537959130262__11	13	18	8	8	8	25	13	9	30	13
CGTTGCGTAAGT__0.113485909244082__9	8	6	9	13	25	8	6	20	6	11
CCCAACGAACAC__0.113382677188437__11	13	8	9	6	8	31	12	6	6	17
CACCACCTACAC__0.113336434811171__13	17	8	8	17	8	8	18	6	6	17
CCCTCCCTACAC__0.113328995296841__15	13	8	8	5	13	8	18	6	6	17
CCACACGAAACA__0.113322169019241__10	8	17	6	17	8	31	12	36	6	6
CGTTAGGTAACA__0.113294736693522__10	8	6	20	18	8	8	6	20	6	6
AGTTACGTATGC__0.113272060295078__9	11	6	20	6	8	8	6	13	18	13
CTTTACATAACA__0.113254754055937__11	6	36	20	6	6	18	13	20	6	6
CGCCACGAACAC__0.113170977402084__12	25	45	8	17	8	31	12	6	6	17
CCCCACGAACCC__0.113120703954201__13	13	13	8	17	8	31	12	6	8	13
TGGTAGGGAAAG__0.113046900207887__16	8	8	6	18	8	13	5	12	36	6
GGTTACGTGACA__0.113038689101506__10	8	6	20	6	8	8	17	8	8	6
ATATAACTACCC__0.112987045611333__15	13	13	13	20	6	11	18	6	8	13
CCCTACCCAACC__0.112980559128874__24	13	8	18	6	8	13	8	9	6	8
CGTTACCTAATA__0.112975947737959__9	8	6	20	6	8	8	18	20	30	13
GGTTACCTAACA__0.112933243470459__14	8	6	20	6	8	8	18	20	6	6
CCCTACCTCACA__0.112878280652473__13	13	8	18	6	8	8	8	8	17	6
GGTCACGTAATA__0.112836077137985__9	8	8	8	17	8	8	6	20	30	13
TGTTACGTCAGC__0.112742522866239__11	6	6	20	6	8	8	8	8	2	25
GGTTACGGAACA__0.112699032099381__11	8	6	20	6	8	2	5	12	6	6
TCCCACCTACTC__0.112687929780972__9	5	13	8	17	8	8	18	6	11	8
CACCACCTAAAC__0.112649184883878__11	17	8	8	17	8	8	18	20	36	6
TGTGACGCAACA__0.112520955381136__17	6	17	8	8	8	25	13	9	6	6
CCCTACACAATC__0.112507519904372__10	13	8	18	6	6	17	6	9	30	7
TTTTACATAACA__0.112493022289159__12	36	36	20	6	6	18	13	20	6	6
TATTGCATAAGC__0.112490319259491__12	13	30	9	13	13	18	13	20	6	25
AGTTACGAAATC__0.112321812232541__10	11	6	20	6	8	31	12	36	30	7
CCCTCCGCATCC__0.11231157718775__10	13	8	8	5	2	25	13	18	7	5
CCCCACCTACAA__0.112213900018275__11	13	13	8	17	8	8	18	6	6	9
GGTTACCTAATC__0.112051004893602__9	8	6	20	6	8	8	18	20	30	7
TGTTACGCAAGT__0.111907563184347__10	6	6	20	6	8	25	13	9	6	11
ACCTCCGAACAA__0.111787170699445__9	8	8	8	5	2	31	12	6	6	9
CATTGCGCAATA__0.111782750366827__14	18	30	9	13	25	25	13	9	30	13
TGTTATGCAAGC__0.111700901169947__15	6	6	20	13	18	13	13	9	6	25
CTTTCCCTAACA__0.111680384915636__12	6	36	12	5	13	8	18	20	6	6
ACTGACGTAACC__0.111637385157049__9	11	2	8	8	8	8	6	20	6	8
TATTGCGCAACA__0.111605506140353__19	13	30	9	13	25	25	13	9	6	6
CCCCACATACAC__0.111599381663341__11	13	13	8	17	6	18	13	6	6	17
AGTTGCATAACC__0.111521492363768__19	11	6	9	13	13	18	13	20	6	8
CCTTCCCTACAA__0.111491043374584__12	8	6	12	5	13	8	18	6	6	9
AATTATGCAACC__0.111427749116243__15	30	30	20	13	18	13	13	9	6	8
CATGACGCAATA__0.111417705176398__9	18	18	8	8	8	25	13	9	30	13
GGTTGCATAACG__0.111396922373787__16	8	6	9	13	13	18	13	20	6	8
TATTGCGCAACG__0.111378875457201__15	13	30	9	13	25	25	13	9	6	8
TATTACGTCAAC__0.111329865444095__9	13	30	20	6	8	8	8	8	9	6
CATTACGTACCC__0.111325682178326__12	18	30	20	6	8	8	6	6	8	13
CACCACTTACCC__0.111285782055975__11	17	8	8	17	11	6	20	6	8	13
CGCCACCTAACA__0.111206880815862__11	25	45	8	17	8	8	18	20	6	6
CCTCCCGTACCC__0.111186078308026__10	8	8	5	13	2	8	6	6	8	13
TGTTACGTATCT__0.111118511440515__9	6	6	20	6	8	8	6	13	7	9
GGTTAGGTAACA__0.11096985477998__16	8	6	20	18	8	8	6	20	6	6
TATTAAGTAACC__0.11093562716857__9	13	30	20	20	6	11	6	20	6	8
GTTCACGTAACC__0.110890141842863__10	6	12	8	17	8	8	6	20	6	8
TGTTACGGAACG__0.110888759633615__9	6	6	20	6	8	2	5	12	6	8
AGCTACGTAACA__0.110844632280481__9	25	25	18	6	8	8	6	20	6	6
TCCCACCTACCA__0.110799781120124__14	5	13	8	17	8	8	18	6	8	8
CGTTACGAAACG__0.110782007139673__9	8	6	20	6	8	31	12	36	6	8
CATTGCGCAACA__0.11078045096865__17	18	30	9	13	25	25	13	9	6	6
TGTTATGTCATG__0.110734904603795__11	6	6	20	13	18	6	8	8	18	18
TGTTACGGAACC__0.110701893354103__11	6	6	20	6	8	2	5	12	6	8
TATTACCTAACT__0.110700690177732__9	13	30	20	6	8	8	18	20	6	11
CCCCACCTAACA__0.11069791726868__11	13	13	8	17	8	8	18	20	6	6
GGTTACGTACTA__0.110594284646241__10	8	6	20	6	8	8	6	6	11	18
TATTACATAAAA__0.110568399063673__10	13	30	20	6	6	18	13	20	36	36
TTTTCCCTACCC__0.110554074682201__19	36	36	12	5	13	8	18	6	8	13
TCCCACGCAACA__0.110432408381798__12	5	13	8	17	8	25	13	9	6	6
CACTACTTACCC__0.110336536176354__10	17	11	18	6	11	6	20	6	8	13
TGTTACGAAACC__0.110249425001672__15	6	6	20	6	8	31	12	36	6	8
GTTTACGTAAGC__0.110237933138467__10	6	36	20	6	8	8	6	20	6	25
CCACACGCATAC__0.110209067859216__9	8	17	6	17	8	25	13	18	13	6
GGTTACGCAAGT__0.110058418142884__10	8	6	20	6	8	25	13	9	6	11
GGTTACATCATT__0.10990723159148__9	8	6	20	6	6	18	7	8	18	30
GGTGATGTAACA__0.109897581538718__15	8	17	8	7	18	6	6	20	6	6
CACTCCCTACAC__0.109834915537951__13	17	11	8	5	13	8	18	6	6	17
CACCACATACCA__0.109815482750555__11	17	8	8	17	6	18	13	6	8	8
CACTACTTCCCC__0.109709453431541__11	17	11	18	6	11	6	12	5	13	13
GACCACCTAAAA__0.10957015393761__9	8	8	8	17	8	8	18	20	36	36
ACGTAACTACCA__0.109419362082753__11	8	8	6	20	6	11	18	6	8	8
CCCTACACACAC__0.10925559721758__16	13	8	18	6	6	17	6	17	6	17
AGTTGCGTAAGT__0.109255029437343__9	11	6	9	13	25	8	6	20	6	11
CCTCACCTACCA__0.109102248282616__12	8	8	8	17	8	8	18	6	8	8
AGTTACGAAACA__0.109065909716571__12	11	6	20	6	8	31	12	36	6	6
GCCCACGAACAC__0.108897500190727__11	45	13	8	17	8	31	12	6	6	17
CGACACGAACAC__0.108614295011175__11	31	8	6	17	8	31	12	6	6	17
ACCCACGCATCC__0.108524913942023__9	8	13	8	17	8	25	13	18	7	5
CACCACGTCCCC__0.1084781309149__9	17	8	8	17	8	8	8	5	13	13
CCTTACCGAACA__0.108331825508353__11	8	6	20	6	8	2	31	12	6	6
TGTTACATCACT__0.108268861836734__10	6	6	20	6	6	18	7	8	17	11
CCACACGCACAC__0.108235486975266__14	8	17	6	17	8	25	13	17	6	17
GGGGAGGTAGGG__0.108197081047461__18	13	13	5	8	8	8	6	18	8	13
TCCAACGAACAC__0.108181473796651__10	5	8	9	6	8	31	12	6	6	17
ACCCACCTAACA__0.108043775738341__10	8	13	8	17	8	8	18	20	6	6
TACCACCTAACA__0.107958530811111__10	6	8	8	17	8	8	18	20	6	6
GACCACCTAAAC__0.107875341180342__10	8	8	8	17	8	8	18	20	36	6
CCATACTCACCC__0.10784317838433__11	8	18	13	6	11	8	8	17	8	13
AAATACATAACA__0.107745826592852__10	36	30	13	6	6	18	13	20	6	6
CACCACATAACA__0.107673768879758__9	17	8	8	17	6	18	13	20	6	6
TCTTCCCTACAC__0.107656840814984__13	9	6	12	5	13	8	18	6	6	17
ACCAACCTAACA__0.107646355577807__10	8	8	9	6	8	8	18	20	6	6
ACGTAACTACCC__0.10763005967727__13	8	8	6	20	6	11	18	6	8	13
CATTACCTAACA__0.107576692549217__10	18	30	20	6	8	8	18	20	6	6
TTGTTCGTGGTT__0.107570219788228__9	9	6	6	12	31	8	17	8	8	6
CCCCACCTAAAC__0.107565938065426__10	13	13	8	17	8	8	18	20	36	6
TCTTATGCAACC__0.107534711519442__13	9	6	20	13	18	13	13	9	6	8
CATCACGAACAA__0.107519524198501__10	18	7	8	17	8	31	12	6	6	9
AGTTACATAAAC__0.107417829099679__11	11	6	20	6	6	18	13	20	36	6
CCCAACCTAACA__0.1073092340791__10	13	8	9	6	8	8	18	20	6	6
TATTGTGTAATC__0.107283749060564__10	13	30	9	6	17	6	6	20	30	7
TCTTGCATAACC__0.10727250499734__15	9	6	9	13	13	18	13	20	6	8
CATTGCGCAATC__0.107211139634539__12	18	30	9	13	25	25	13	9	30	7
TGTTGTGTAATC__0.10715606390479__14	6	6	9	6	17	6	6	20	30	7
GGTTGCGTCATA__0.107155852183145__14	8	6	9	13	25	8	8	8	18	13
ACCCCCGTACCC__0.107108313300699__9	8	13	13	13	2	8	6	6	8	13
TCCCACCTACAC__0.107012753521711__12	5	13	8	17	8	8	18	6	6	17
CTCCACCTACAA__0.106888065538276__9	8	5	8	17	8	8	18	6	6	9
CCTTCCTTACAC__0.106857354253299__9	8	6	12	5	8	6	20	6	6	17
CCCTACGCACCA__0.106830599534668__12	13	8	18	6	8	25	13	17	8	8
GATGACATAACC__0.106828001319047__12	7	18	8	8	6	18	13	20	6	8
GCCCACCTACAC__0.106783946161406__12	45	13	8	17	8	8	18	6	6	17
CCCTCCCTATCC__0.106759588310576__9	13	8	8	5	13	8	18	13	7	5
TAATCCCTACAC__0.106734175228878__11	20	30	7	5	13	8	18	6	6	17
ATTTCCCTACCC__0.10672782235385__17	30	36	12	5	13	8	18	6	8	13
TCTTGCATAATC__0.106688882263915__9	9	6	9	13	13	18	13	20	30	7
GGGTAGGTAGGG__0.106635638863098__16	13	8	6	18	8	8	6	18	8	13
AATTACGAAACC__0.106539982950388__11	30	30	20	6	8	31	12	36	6	8
AATTATGCAACT__0.106527161313709__10	30	30	20	13	18	13	13	9	6	11
AACCACGAACCA__0.106374970337142__10	6	8	8	17	8	31	12	6	8	8
ACCACCGTACCC__0.106310527561875__9	8	8	17	8	2	8	6	6	8	13
GGTTACGTAGCC__0.106294590872159__10	8	6	20	6	8	8	6	18	25	45
GGTTGCGTAAGT__0.106282965461266__12	8	6	9	13	25	8	6	20	6	11
TGTTACATCACG__0.106021492155096__9	6	6	20	6	6	18	7	8	17	8
CCACACCTACAC__0.105893484643965__10	8	17	6	17	8	8	18	6	6	17
TCCACCGTACCC__0.105877357197998__9	5	8	17	8	2	8	6	6	8	13
GCTTACGCAACT__0.105820335375021__10	25	6	20	6	8	25	13	9	6	11
ATATAACTACAC__0.105725006700843__10	13	13	13	20	6	11	18	6	6	17
GGTTACGTACCA__0.105696671466312__12	8	6	20	6	8	8	6	6	8	8
TCTTGCATAATA__0.105627515031529__9	9	6	9	13	13	18	13	20	30	13
CATGACGCAACC__0.10552479936781__12	18	18	8	8	8	25	13	9	6	8
CGTTACGAAACC__0.105504111963075__12	8	6	20	6	8	31	12	36	6	8
AATTACGCAAAA__0.105426513676362__10	30	30	20	6	8	25	13	9	36	36
TCCCACCTAACA__0.105396238088957__10	5	13	8	17	8	8	18	20	6	6
ACTTATGCAACC__0.105387101527266__11	11	6	20	13	18	13	13	9	6	8
CGTAACATATCC__0.105220558221651__9	8	6	20	6	6	18	13	13	7	5
CAACACGAACAC__0.1050787790784__9	9	6	6	17	8	31	12	6	6	17
CATGACGCAACA__0.104942599804228__10	18	18	8	8	8	25	13	9	6	6
CACTCCCTACCC__0.104901893272969__15	17	11	8	5	13	8	18	6	8	13
GGTTGCGTGTTG__0.104870633657783__11	8	6	9	13	25	8	17	6	6	9
ACACACGAACCA__0.104865397600302__9	6	17	6	17	8	31	12	6	8	8
CGTTATGCAATT__0.104803513109716__9	8	6	20	13	18	13	13	9	30	30
CCCTACACAACT__0.104777270119811__9	13	8	18	6	6	17	6	9	6	11
TATTGCGCAACC__0.104775969895296__18	13	30	9	13	25	25	13	9	6	8
ATCCACCTACAC__0.10477282647316__10	7	5	8	17	8	8	18	6	6	17
CAACACCTACCA__0.104759443939536__10	9	6	6	17	8	8	18	6	8	8
CCCTACACACCT__0.104756537451847__10	13	8	18	6	6	17	6	17	8	8
TGTGACGCAATA__0.104540587288585__11	6	17	8	8	8	25	13	9	30	13
CACTACCTCCAC__0.104503095093607__12	17	11	18	6	8	8	8	5	8	17
TGTTACGTACCG__0.104497876301996__9	6	6	20	6	8	8	6	6	8	2
AACCACCTACCC__0.104490310360607__14	6	8	8	17	8	8	18	6	8	13
ACCTACACACTC__0.104400206392438__9	8	8	18	6	6	17	6	17	11	8
CAACACCTAACC__0.104394156007125__10	9	6	6	17	8	8	18	20	6	8
GTGTAGGGATTG__0.104369662084613__10	17	6	6	18	8	13	5	7	30	9
CCACACGAACCC__0.104288633979397__11	8	17	6	17	8	31	12	6	8	13
CTCCACCTACAC__0.104281966680926__10	8	5	8	17	8	8	18	6	6	17
CACCACGAACCA__0.104254431821385__9	17	8	8	17	8	31	12	6	8	8
AGTTGCGCAATC__0.104172903768161__13	11	6	9	13	25	25	13	9	30	7
CCACACCTACCA__0.104172138743121__10	8	17	6	17	8	8	18	6	8	8
CACCACGAAACC__0.104145759167463__9	17	8	8	17	8	31	12	36	6	8
CGTTGTGTAATC__0.104132024960068__9	8	6	9	6	17	6	6	20	30	7
ACCTCCGAACCC__0.10411192617838__10	8	8	8	5	2	31	12	6	8	13
GGATACGTAACC__0.104032998730921__9	5	7	13	6	8	8	6	20	6	8
TATTACACAACC__0.103922109897291__15	13	30	20	6	6	17	6	9	6	8
GGTGATGTAATG__0.10388368102772__10	8	17	8	7	18	6	6	20	30	18
ACACACCTACAC__0.103839908029975__9	6	17	6	17	8	8	18	6	6	17
GTATACGTAACA__0.103837171271741__9	6	13	13	6	8	8	6	20	6	6
GCTTACGTCACC__0.103815009992952__9	25	6	20	6	8	8	8	8	17	8
GACCACCTAACC__0.10380029951858__11	8	8	8	17	8	8	18	20	6	8
CCCAACCTAACC__0.103728071786198__11	13	8	9	6	8	8	18	20	6	8
CCCTACACACCG__0.103702593816913__9	13	8	18	6	6	17	6	17	8	2
GGTTACATCACT__0.103677363716989__9	8	6	20	6	6	18	7	8	17	11
CCCTACACACTC__0.103614402359481__9	13	8	18	6	6	17	6	17	11	8
GAATACGTAACC__0.10361274069146__9	12	30	13	6	8	8	6	20	6	8
CCCTACCCACGC__0.103576246184251__14	13	8	18	6	8	13	8	17	8	25
CCCTACACACAT__0.103569512980436__9	13	8	18	6	6	17	6	17	6	18
CACTCCGAACAC__0.103448559588026__9	17	11	8	5	2	31	12	6	6	17
GGTTGCATAACC__0.103429238070862__18	8	6	9	13	13	18	13	20	6	8
AGGGAGGTAGTT__0.10312468540533__9	8	13	5	8	8	8	6	18	11	6
ACCGACATACCC__0.103093276914909__10	8	2	31	8	6	18	13	6	8	13
TATTGCGCAATC__0.1029847450551__12	13	30	9	13	25	25	13	9	30	7
TCTTATGCAACA__0.10297442249506__10	9	6	20	13	18	13	13	9	6	6
ATTTACATAACA__0.102959115283625__9	30	36	20	6	6	18	13	20	6	6
CCCTCCCTAAAC__0.102946948406692__9	13	8	8	5	13	8	18	20	36	6
CTCCACGAACAC__0.102793138405778__9	8	5	8	17	8	31	12	6	6	17
CCCCACATAACC__0.102693905341397__9	13	13	8	17	6	18	13	20	6	8
CCCTACCCATCC__0.102509541936746__13	13	8	18	6	8	13	8	18	7	5
CCACACCTACCC__0.102450189408048__12	8	17	6	17	8	8	18	6	8	13
TAATACATAACC__0.102436945513948__10	20	30	13	6	6	18	13	20	6	8
AATTACCTAACA__0.102356412904706__9	30	30	20	6	8	8	18	20	6	6
CGCCACCTACCC__0.102355886704212__13	25	45	8	17	8	8	18	6	8	13
TGTTACACAACA__0.102337388351528__14	6	6	20	6	6	17	6	9	6	6
GGTGATGTAATT__0.102282475498649__10	8	17	8	7	18	6	6	20	30	30
ACACACCTACCA__0.102135693701933__9	6	17	6	17	8	8	18	6	8	8
GCTTACCTAACA__0.102070851831256__10	25	6	20	6	8	8	18	20	6	6
CATTACACAACA__0.102034046068457__11	18	30	20	6	6	17	6	9	6	6
CCCTACCAACAC__0.101980276769815__13	13	8	18	6	8	8	9	6	6	17
GAATACATAACA__0.101942337085664__9	12	30	13	6	6	18	13	20	6	6
CACCACGAACCC__0.101702077202394__10	17	8	8	17	8	31	12	6	8	13
AGTTACCTAACA__0.101672443325093__10	11	6	20	6	8	8	18	20	6	6
CTTTCCCTAACC__0.101624568620739__11	6	36	12	5	13	8	18	20	6	8
CCCTCCGCACAC__0.10129767253182__11	13	8	8	5	2	25	13	17	6	17
TCCCACGAACCC__0.101279463107268__10	5	13	8	17	8	31	12	6	8	13
ATTTCCCTACAC__0.101275281170099__11	30	36	12	5	13	8	18	6	6	17
ACCAACCTACCA__0.101161445139383__10	8	8	9	6	8	8	18	6	8	8
TACCACCTAACC__0.101099079546629__10	6	8	8	17	8	8	18	20	6	8
CACTACATAACC__0.10103879082229__9	17	11	18	6	6	18	13	20	6	8
TTATCCCTACAC__0.1009804149466__10	20	13	7	5	13	8	18	6	6	17
CCCAACCTACCA__0.100835549564407__10	13	8	9	6	8	8	18	6	8	8
CTATCCGAACAC__0.100579848894623__9	18	13	7	5	2	31	12	6	6	17
CCCTCCCTACCA__0.100541767733593__11	13	8	8	5	13	8	18	6	8	8
TGTTGCGTATTG__0.100533018303215__10	6	6	9	13	25	8	6	13	30	9
ACACACGCAACC__0.100496273914462__10	6	17	6	17	8	25	13	9	6	8
CAACACATAACC__0.100445798720474__9	9	6	6	17	6	18	13	20	6	8
TGGTAGGTCGGG__0.100422001947791__9	8	8	6	18	8	8	8	31	2	13
CCCCACCTAACC__0.100392151375241__10	13	13	8	17	8	8	18	20	6	8
AACCACGAACCC__0.1003127898387__10	6	8	8	17	8	31	12	6	8	13
CGTTGCGCAACA__0.100134148887326__13	8	6	9	13	25	25	13	9	6	6
TCTTCCCTACCA__0.100121701961914__11	9	6	12	5	13	8	18	6	8	8
ACTTGCATAACA__0.10006714198289__10	11	6	9	13	13	18	13	20	6	6
TGGTACGTAACT__0.100026968132749__9	8	8	6	6	8	8	6	20	6	11
CCCTAACTACCC__0.0999777452068605__9	13	8	18	20	6	11	18	6	8	13
CCTTCCGAACCC__0.0998251264166295__10	8	6	12	5	2	31	12	6	8	13
CCTTATGCAACC__0.0996079933666185__9	8	6	20	13	18	13	13	9	6	8
TGTTATGTCACA__0.0996049779996456__10	6	6	20	13	18	6	8	8	17	6
GGTTACGAAACA__0.0996001395436578__10	8	6	20	6	8	31	12	36	6	6
CTCTTCCTACAC__0.0995619527601491__9	8	9	6	12	5	8	18	6	6	17
TAATACTTCCCC__0.0995518023163312__10	20	30	13	6	11	6	12	5	13	13
GGTGTCGTAATG__0.0992193624170967__9	8	17	6	8	31	8	6	20	30	18
CATCACGAAACC__0.0992014660356893__9	18	7	8	17	8	31	12	36	6	8
CATCACGAACCA__0.0991882410948903__9	18	7	8	17	8	31	12	6	8	8
CCCTACCTCCCA__0.0991062521118494__11	13	8	18	6	8	8	8	5	13	8
CCCTCCGAACCC__0.0990788837661126__9	13	8	8	5	2	31	12	6	8	13
AACTACCTCACC__0.0990315712239674__10	6	11	18	6	8	8	8	8	17	8
GGTTACGAAACC__0.0987838106503832__11	8	6	20	6	8	31	12	36	6	8
GGCGGCGTATCA__0.0987704967087899__9	45	25	2	45	25	8	6	13	7	8
GGTGATGTAACC__0.0987388353839787__11	8	17	8	7	18	6	6	20	6	8
TCCCACCTAACC__0.0986988979885933__10	5	13	8	17	8	8	18	20	6	8
CACTACGACCCC__0.0985714735147308__10	17	11	18	6	8	31	8	8	13	13
GTGTAGGGATGG__0.0985675946488784__9	17	6	6	18	8	13	5	7	18	8
TGTGATGTAACG__0.098513255066337__9	6	17	8	7	18	6	6	20	6	8
CACTACCTCACC__0.098502994113345__10	17	11	18	6	8	8	8	8	17	8
CGTTGCGCAATC__0.0984043879392524__10	8	6	9	13	25	25	13	9	30	7
TCCCACGCACAC__0.0984013941824983__11	5	13	8	17	8	25	13	17	6	17
CATCACGAACAC__0.0983675070500021__9	18	7	8	17	8	31	12	6	6	17
CCCTACGACCCC__0.098259727721493__9	13	8	18	6	8	31	8	8	13	13
ACCCACGCACAC__0.0981983984588601__10	8	13	8	17	8	25	13	17	6	17
ATTTACATAACC__0.0981672026903011__9	30	36	20	6	6	18	13	20	6	8
CTCCACCTACCC__0.09802055102416__11	8	5	8	17	8	8	18	6	8	13
ACCCACCTACCA__0.0980104147869806__9	8	13	8	17	8	8	18	6	8	8
GGTGATGTAACG__0.0980006967966637__10	8	17	8	7	18	6	6	20	6	8
TTCTCCCTACAC__0.0978603189584917__10	12	9	8	5	13	8	18	6	6	17
CTATCCCTACAC__0.0978085051562326__9	18	13	7	5	13	8	18	6	6	17
CGCCACCTACCA__0.0977508315718565__9	25	45	8	17	8	8	18	6	8	8
GATTGCGCAACC__0.09769972935724__14	7	30	9	13	25	25	13	9	6	8
ACCCACCTAACC__0.0976700945112072__9	8	13	8	17	8	8	18	20	6	8
CACCACCTACCC__0.0975972090056355__11	17	8	8	17	8	8	18	6	8	13
CCCCACGCACCC__0.0975954465194818__12	13	13	8	17	8	25	13	17	8	13
CATTCCCTACCC__0.0975918880379687__12	18	30	12	5	13	8	18	6	8	13
GGGTATGTTATA__0.0975460522546659__11	13	8	6	13	18	6	6	20	13	13
GACCACCTACCA__0.097423902537692__9	8	8	8	17	8	8	18	6	8	8
CGCCACCTAACC__0.0974092800254177__9	25	45	8	17	8	8	18	20	6	8
TGTTGCGTTATG__0.0973148403559828__9	6	6	9	13	25	8	6	20	13	18
CCGAACATAACC__0.0970998407474497__9	2	31	12	6	6	18	13	20	6	8
CCCTACCTACAC__0.0966528813184322__9	13	8	18	6	8	8	18	6	6	17
CCCTACCCACAA__0.0966381540240105__12	13	8	18	6	8	13	8	17	6	9
GACCACCTACCC__0.0964623538863649__11	8	8	8	17	8	8	18	6	8	13
GGTTAGGTTTGG__0.0964369652660281__9	8	6	20	18	8	8	6	36	9	8
TAATACGCAACA__0.0962893336655265__9	20	30	13	6	8	25	13	9	6	6
CCCTACCCAACA__0.0962229777312458__12	13	8	18	6	8	13	8	9	6	6
GGTGACATAACC__0.0961056074816155__10	8	17	8	8	6	18	13	20	6	8
CCCTACCCAACT__0.0959724644707874__9	13	8	18	6	8	13	8	9	6	11
CCCTACACAACC__0.0959488013901867__11	13	8	18	6	6	17	6	9	6	8
CCCTACGCCCCA__0.0959418873859753__9	13	8	18	6	8	25	45	13	13	8
TGTGACGCAACT__0.0958909589087024__9	6	17	8	8	8	25	13	9	6	11
CATTCCCTACCA__0.0956976355555917__9	18	30	12	5	13	8	18	6	8	8
TCTTCCCTACCC__0.0955283273191207__12	9	6	12	5	13	8	18	6	8	13
CCCTACACACAA__0.0954377597278849__9	13	8	18	6	6	17	6	17	6	9
CCCAACATACCC__0.0954237958444596__9	13	8	9	6	6	18	13	6	8	13
TGATACGCCTCC__0.0953858923080529__9	8	7	13	6	8	25	45	8	8	5
CACTACCTACCC__0.0950314305254771__11	17	11	18	6	8	8	18	6	8	13
GTTTACATAACC__0.0949472767090528__9	6	36	20	6	6	18	13	20	6	8
AAACACGCACAC__0.0948698684409441__9	36	6	6	17	8	25	13	17	6	17
CTCTCCCTACCC__0.094614077056667__12	8	9	8	5	13	8	18	6	8	13
AACCACGCACAC__0.0945817133388735__10	6	8	8	17	8	25	13	17	6	17
GCCCACCTACCC__0.0945195945650486__11	45	13	8	17	8	8	18	6	8	13
CACTACACAACA__0.0941472961386499__9	17	11	18	6	6	17	6	9	6	6
AATTACACAACA__0.0939814556432389__9	30	30	20	6	6	17	6	9	6	6
ACCCACCTACCC__0.0939577356298394__10	8	13	8	17	8	8	18	6	8	13
CCCTACCTCCAC__0.0939055445298581__9	13	8	18	6	8	8	8	5	8	17
ACTTCCCTACCC__0.0938169243308887__11	11	6	12	5	13	8	18	6	8	13
CACTACCTCCCA__0.09365615146091__9	17	11	18	6	8	8	8	5	13	8
ATATACCTCCCC__0.0935532184636652__11	13	13	13	6	8	8	8	5	13	13
CCCAACCTACCC__0.0933641948921681__10	13	8	9	6	8	8	18	6	8	13
GGTTGCGTAAAG__0.0930959187859044__9	8	6	9	13	25	8	6	20	36	6
CCCGACCTACCC__0.0929659013050089__9	13	2	31	8	8	8	18	6	8	13
CACTACCTCCCC__0.0928823507811991__11	17	11	18	6	8	8	8	5	13	13
CCCTACCCACCA__0.0928485377291326__14	13	8	18	6	8	13	8	17	8	8
GGTTAGGTAACG__0.0927185235448641__9	8	6	20	18	8	8	6	20	6	8
ACTCACCTACCC__0.0926073027962317__9	11	8	8	17	8	8	18	6	8	13
AACCACGCACCC__0.0918200625965003__11	6	8	8	17	8	25	13	17	8	13
CAATCCCTACCC__0.0917816357963685__9	9	30	7	5	13	8	18	6	8	13
CCCTACAAACCC__0.0915456976845976__10	13	8	18	6	6	9	36	6	8	13
TGTTGCGTCACC__0.0915451249203556__9	6	6	9	13	25	8	8	8	17	8
CCCTACCCACCT__0.0914619142072803__10	13	8	18	6	8	13	8	17	8	8
GTTTGCGTAACA__0.0913675294218445__9	6	36	9	13	25	8	6	20	6	6
ACCTACACACAC__0.0910983787341191__9	8	8	18	6	6	17	6	17	6	17
TACCACCTACCC__0.0907141561043514__9	6	8	8	17	8	8	18	6	8	13
CACTACATCCCC__0.0905225833726436__9	17	11	18	6	6	18	7	5	13	13
CTCTACCCACCA__0.0903864256423721__12	8	9	18	6	8	13	8	17	8	8
GGTTATGCAAGC__0.0901977277274483__9	8	6	20	13	18	13	13	9	6	25
TGTTACACAACC__0.0900981328156738__11	6	6	20	6	6	17	6	9	6	8
CACTACCAACCC__0.0899932287643456__11	17	11	18	6	8	8	9	6	8	13
CCATACCTCCCC__0.0899709402677668__10	8	18	13	6	8	8	8	5	13	13
TCCTACACACAC__0.0897805992008544__9	5	8	18	6	6	17	6	17	6	17
CCCTACCCAGCC__0.089754300674524__9	13	8	18	6	8	13	8	2	25	45
CCCTACCCAAAC__0.0894627989632836__10	13	8	18	6	8	13	8	9	36	6
TTCTCCCTACCC__0.0891888947734191__10	12	9	8	5	13	8	18	6	8	13
AACTCCGCACCC__0.0890437600488811__9	6	11	8	5	2	25	13	17	8	13
TCCTCCCTACCC__0.0889632305588748__10	5	8	8	5	13	8	18	6	8	13
TCCCACCTACCC__0.0885583782301337__9	5	13	8	17	8	8	18	6	8	13
ACCTCCCTACCC__0.0883302258230538__9	8	8	8	5	13	8	18	6	8	13
GGTTGTGTAATC__0.0878623261125701__9	8	6	9	6	17	6	6	20	30	7
TAATACCCACCC__0.0872188025580346__13	20	30	13	6	8	13	8	17	8	13
CCCTACACACCC__0.0871554100038222__10	13	8	18	6	6	17	6	17	8	13
ACCTACCCACCC__0.0870951953949923__14	8	8	18	6	8	13	8	17	8	13
CACCACGCACCC__0.0870255053799784__9	17	8	8	17	8	25	13	17	8	13
CCTTACCCACAC__0.0867241049690013__11	8	6	20	6	8	13	8	17	6	17
CGCTCCCTACCC__0.0866356733991116__9	25	25	8	5	13	8	18	6	8	13
CCATACCCACCC__0.0864909921803536__13	8	18	13	6	8	13	8	17	8	13
CACTACACACCC__0.0863476470044686__10	17	11	18	6	6	17	6	17	8	13
CACTACCCAACC__0.0854236444644876__10	17	11	18	6	8	13	8	9	6	8
CACTACCCACCC__0.0849711118431325__13	17	11	18	6	8	13	8	17	8	13
CCATACACACCC__0.0848887272023406__9	8	18	13	6	6	17	6	17	8	13
CACTACCCACAC__0.0845549208867908__10	17	11	18	6	8	13	8	17	6	17
CCATACCAACCC__0.0845273374061733__9	8	18	13	6	8	8	9	6	8	13
CCCTACCCACAC__0.0835267882923217__10	13	8	18	6	8	13	8	17	6	17
TGTTGCGCAACC__0.0831908977362296__10	6	6	9	13	25	25	13	9	6	8
GGGTGGGTAGGC__0.0802583591485351__11	13	8	17	8	13	8	6	18	8	45
CCTTACCCACCC__0.0773559097200044__10	8	6	20	6	8	13	8	17	8	13
ATCTACCCACCC__0.077248409262319__9	7	9	18	6	8	13	8	17	8	13
